Date,Open,High,Low,Close,Adj Close,Volume
2018-10-24,84.0,84.5999984741211,82.5999984741211,83.0,70.92023468017578,27149
2018-10-25,80.05000305175781,81.5999984741211,80.05000305175781,80.44999694824219,68.74136352539062,21834
2018-10-26,79.0,84.19999694824219,77.69999694824219,81.9000015258789,69.98033142089844,84241
2018-10-29,82.0,84.0,81.0,82.30000305175781,70.32212829589844,26963
2018-10-30,82.0,84.5999984741211,82.0,84.1500015258789,71.90287780761719,22830
2018-10-31,86.30000305175781,93.8499984741211,86.0999984741211,90.9000015258789,77.67047882080078,87409
2018-11-01,91.9000015258789,93.0,88.05000305175781,89.4000015258789,76.38880157470703,30624
2018-11-02,89.30000305175781,91.5999984741211,89.30000305175781,89.94999694824219,76.8587417602539,18226
2018-11-05,88.19999694824219,90.5,88.19999694824219,89.80000305175781,76.7305908203125,14114
2018-11-06,90.3499984741211,90.9000015258789,89.30000305175781,89.9000015258789,76.81602478027344,15975
2018-11-07,89.0,90.9000015258789,89.0,90.4000015258789,77.24324035644531,2400
2018-11-09,90.3499984741211,91.5,89.6500015258789,90.80000305175781,77.58503723144531,11883
2018-11-12,90.75,92.69999694824219,90.0,90.6500015258789,77.45687866210938,18334
2018-11-13,90.25,91.5,90.1500015258789,90.5999984741211,77.41413879394531,15387
2018-11-14,90.69999694824219,92.5,90.0,90.80000305175781,77.58503723144531,13391
2018-11-15,90.80000305175781,92.80000305175781,89.55000305175781,89.80000305175781,76.7305908203125,17775
2018-11-16,90.05000305175781,90.05000305175781,89.0,89.55000305175781,76.51695251464844,12095
2018-11-19,90.0,93.5999984741211,89.5999984741211,92.19999694824219,78.7812728881836,37250
2018-11-20,92.5,97.0,90.1500015258789,90.9000015258789,77.67047882080078,16145
2018-11-21,93.0,95.25,90.05000305175781,93.75,80.1056900024414,22903
2018-11-22,93.75,97.0,93.0,95.05000305175781,81.21649169921875,28955
2018-11-26,93.19999694824219,99.80000305175781,93.19999694824219,97.6500015258789,83.43807983398438,33006
2018-11-27,96.5,99.9000015258789,96.5,97.69999694824219,83.48080444335938,18491
2018-11-28,98.8499984741211,101.44999694824219,97.9000015258789,100.6500015258789,86.00146484375,33934
2018-11-29,100.0,102.4000015258789,99.94999694824219,100.3499984741211,85.74512481689453,28964
2018-11-30,100.80000305175781,101.9000015258789,99.8499984741211,100.5999984741211,85.95874786376953,62560
2018-12-03,100.75,101.19999694824219,95.94999694824219,96.44999694824219,82.41272735595703,59345
2018-12-04,96.94999694824219,98.0999984741211,96.0,96.6500015258789,82.58362579345703,6336
2018-12-05,97.05000305175781,97.69999694824219,93.1500015258789,93.9000015258789,80.2338638305664,11471
2018-12-06,93.5999984741211,93.5999984741211,88.75,92.0,78.61038208007812,11367
2018-12-07,93.94999694824219,97.0,92.5999984741211,95.5,81.60099792480469,8342
2018-12-10,93.5,97.5,90.4000015258789,93.25,79.67845916748047,8614
2018-12-11,92.0,95.69999694824219,91.30000305175781,95.0,81.17376708984375,10421
2018-12-12,95.55000305175781,96.5,93.6500015258789,95.0999984741211,81.25920867919922,10225
2018-12-13,93.69999694824219,96.0999984741211,93.69999694824219,94.4000015258789,80.66109466552734,11705
2018-12-14,94.5,96.55000305175781,93.0,95.05000305175781,81.21649169921875,11036
2018-12-17,95.94999694824219,99.0,93.5,95.5999984741211,81.68645477294922,21724
2018-12-18,92.1500015258789,95.9000015258789,92.1500015258789,94.5999984741211,80.83197784423828,14255
2018-12-19,93.44999694824219,97.4000015258789,93.44999694824219,95.30000305175781,81.43009948730469,16353
2018-12-20,94.69999694824219,96.1500015258789,94.4000015258789,95.3499984741211,81.47282409667969,16419
2018-12-21,96.5,96.5,94.1500015258789,94.69999694824219,80.91743469238281,28175
2018-12-24,94.0,96.5,93.1500015258789,95.05000305175781,81.21649169921875,11570
2018-12-26,93.19999694824219,95.75,93.0,94.44999694824219,80.70381927490234,22358
2018-12-27,95.05000305175781,96.44999694824219,92.0999984741211,93.19999694824219,79.63573455810547,13275
2018-12-28,92.8499984741211,94.80000305175781,92.8499984741211,93.44999694824219,79.84934997558594,8191
2018-12-31,93.94999694824219,95.0,90.19999694824219,92.75,79.25123596191406,13579
2019-01-01,93.80000305175781,93.80000305175781,92.0,92.44999694824219,78.99490356445312,6696
2019-01-02,91.0,94.5,90.80000305175781,93.3499984741211,79.76390838623047,6727
2019-01-03,93.69999694824219,94.05000305175781,90.05000305175781,93.6500015258789,80.02024841308594,27865
2019-01-04,92.44999694824219,94.69999694824219,91.80000305175781,92.44999694824219,78.99490356445312,3931
2019-01-07,93.80000305175781,100.80000305175781,92.0,95.44999694824219,81.55826568603516,40965
2019-01-08,95.44999694824219,96.4000015258789,94.05000305175781,94.8499984741211,81.04560089111328,8277
2019-01-09,95.75,96.9000015258789,93.44999694824219,93.94999694824219,80.2765884399414,7064
2019-01-10,93.44999694824219,95.4000015258789,92.3499984741211,92.94999694824219,79.422119140625,5742
2019-01-11,93.5999984741211,94.0,92.1500015258789,93.30000305175781,79.72119903564453,6384
2019-01-14,92.0999984741211,94.19999694824219,92.0999984741211,92.5,79.03761291503906,7389
2019-01-15,92.5999984741211,95.9000015258789,92.25,94.55000305175781,80.78926849365234,15249
2019-01-16,94.19999694824219,95.5999984741211,93.25,94.30000305175781,80.57564544677734,7701
2019-01-17,95.1500015258789,95.1500015258789,92.80000305175781,93.5999984741211,79.97752380371094,8930
2019-01-18,93.55000305175781,94.5,92.8499984741211,93.44999694824219,79.84934997558594,5298
2019-01-21,93.6500015258789,94.5,92.3499984741211,93.0999984741211,79.55030059814453,5789
2019-01-22,93.8499984741211,94.5999984741211,91.5,91.94999694824219,78.56765747070312,4775
2019-01-23,91.94999694824219,92.0,90.6500015258789,90.9000015258789,77.67047882080078,6056
2019-01-24,91.80000305175781,91.8499984741211,89.0999984741211,89.30000305175781,76.30335235595703,3578
2019-01-25,88.6500015258789,90.0,87.05000305175781,88.75,75.83338928222656,13861
2019-01-28,88.75,89.69999694824219,83.0,85.0999984741211,72.71460723876953,10071
2019-01-29,85.0,85.75,81.5999984741211,84.0,71.77470397949219,5708
2019-01-30,85.1500015258789,85.8499984741211,83.25,84.44999694824219,72.15921020507812,3427
2019-01-31,85.8499984741211,86.44999694824219,84.0,84.44999694824219,72.15921020507812,3345
2019-02-01,85.9000015258789,88.80000305175781,84.05000305175781,87.30000305175781,74.59443664550781,6769
2019-02-04,88.3499984741211,88.5,83.44999694824219,84.75,72.4155502319336,4673
2019-02-05,84.80000305175781,86.25,82.0999984741211,83.0999984741211,71.00569152832031,16818
2019-02-06,83.0,83.94999694824219,80.0999984741211,81.4000015258789,69.55310821533203,25863
2019-02-07,81.75,82.5,80.44999694824219,81.30000305175781,69.46765899658203,20161
2019-02-08,81.94999694824219,83.1500015258789,81.55000305175781,82.44999694824219,70.45027923583984,8061
2019-02-11,85.9000015258789,86.0999984741211,82.55000305175781,83.44999694824219,71.30474853515625,21525
2019-02-12,83.0999984741211,84.30000305175781,81.8499984741211,84.0,71.77470397949219,20169
2019-02-14,84.0,84.0,82.6500015258789,83.25,71.13386535644531,12093
2019-02-15,82.0,84.3499984741211,82.0,82.4000015258789,70.4075698852539,30251
2019-02-18,82.8499984741211,83.3499984741211,81.25,81.5999984741211,69.7239990234375,23282
2019-02-19,81.55000305175781,82.5,80.75,81.25,69.42493438720703,31360
2019-02-20,82.0,82.5,81.0,81.1500015258789,69.33949279785156,17974
2019-02-21,82.0,82.3499984741211,80.80000305175781,81.5,69.6385498046875,40560
2019-02-22,81.44999694824219,85.44999694824219,81.19999694824219,84.80000305175781,72.4582748413086,30573
2019-02-25,83.0999984741211,85.5,83.0999984741211,84.30000305175781,72.03104400634766,34091
2019-02-26,83.55000305175781,85.4000015258789,82.3499984741211,83.69999694824219,71.51835632324219,39358
2019-02-27,84.05000305175781,86.0999984741211,83.44999694824219,84.69999694824219,72.37281799316406,35653
2019-02-28,85.1500015258789,86.4000015258789,84.1500015258789,85.25,72.8427734375,40518
2019-03-01,86.5,99.9000015258789,86.5,97.25,83.09630584716797,187680
2019-03-05,100.0,102.5999984741211,93.0999984741211,97.0999984741211,82.96812438964844,124645
2019-03-06,96.1500015258789,97.69999694824219,94.94999694824219,95.5999984741211,81.68645477294922,67126
2019-03-07,95.19999694824219,96.0999984741211,93.0,94.19999694824219,80.49020385742188,57434
2019-03-08,93.55000305175781,96.30000305175781,93.05000305175781,94.8499984741211,81.04560089111328,46905
2019-03-11,95.25,109.0,94.19999694824219,100.75,86.08692169189453,279230
2019-03-12,101.80000305175781,106.05000305175781,101.0,101.75,86.94137573242188,88350
2019-03-13,100.05000305175781,105.5999984741211,100.05000305175781,103.9000015258789,88.77847290039062,86404
2019-03-14,101.0,104.0999984741211,101.0,102.4000015258789,87.49678039550781,38403
2019-03-15,102.3499984741211,104.44999694824219,99.80000305175781,100.5999984741211,85.95874786376953,61595
2019-03-18,101.8499984741211,101.8499984741211,97.0999984741211,97.80000305175781,83.56625366210938,51361
2019-03-19,98.3499984741211,99.8499984741211,97.75,99.5,85.01882934570312,54641
2019-03-20,99.3499984741211,100.05000305175781,97.6500015258789,98.0999984741211,83.82259368896484,42134
2019-03-22,97.8499984741211,103.0999984741211,96.8499984741211,98.44999694824219,84.12165832519531,97707
2019-03-25,99.69999694824219,99.69999694824219,95.80000305175781,96.8499984741211,82.7545166015625,22264
2019-03-26,98.30000305175781,98.80000305175781,97.3499984741211,98.55000305175781,84.20709228515625,10858
2019-03-27,98.6500015258789,98.69999694824219,94.0,95.1500015258789,82.85735321044922,21785
2019-03-28,97.0,102.75,96.0,98.5,85.77455139160156,40823
2019-04-01,100.9000015258789,103.9000015258789,100.05000305175781,100.94999694824219,87.90803527832031,22870
2019-04-02,100.94999694824219,102.30000305175781,99.05000305175781,100.1500015258789,87.21139526367188,24510
2019-04-03,99.0,102.75,98.19999694824219,98.5,85.77455139160156,14888
2019-04-04,99.9000015258789,99.94999694824219,97.44999694824219,97.8499984741211,85.2085189819336,11278
2019-04-05,97.80000305175781,99.1500015258789,96.80000305175781,98.25,85.55685424804688,23526
2019-04-08,98.1500015258789,99.94999694824219,96.5,98.1500015258789,85.46977233886719,20538
2019-04-09,99.5,99.5,97.69999694824219,98.75,85.99226379394531,12627
2019-04-10,99.0,99.80000305175781,98.0,99.0999984741211,86.29703521728516,13305
2019-04-11,99.44999694824219,100.55000305175781,97.94999694824219,98.3499984741211,85.64392852783203,15916
2019-04-12,98.75,99.94999694824219,98.5,99.5,86.6453628540039,15681
2019-04-15,99.75,102.75,99.05000305175781,101.9000015258789,88.73530578613281,29601
2019-04-16,100.0999984741211,104.0,100.0999984741211,101.80000305175781,88.64823150634766,11098
2019-04-18,101.94999694824219,102.9000015258789,100.25,101.5,88.38697814941406,13760
2019-04-22,100.25,102.0,97.19999694824219,99.9000015258789,86.99369049072266,15635
2019-04-23,99.0999984741211,99.0999984741211,98.6500015258789,98.75,85.99226379394531,1733
2019-04-24,99.94999694824219,99.94999694824219,97.6500015258789,97.94999694824219,85.29560852050781,5919
2019-04-25,99.30000305175781,99.30000305175781,95.0999984741211,96.0,83.59754180908203,8217
2019-04-26,96.8499984741211,97.0999984741211,96.05000305175781,96.9000015258789,84.38126373291016,1706
2019-04-30,103.55000305175781,112.3499984741211,102.0999984741211,104.44999694824219,90.95585632324219,258464
2019-05-02,104.0,123.9000015258789,100.30000305175781,117.55000305175781,102.36344146728516,939769
2019-05-03,115.8499984741211,118.5999984741211,110.0,111.3499984741211,96.96443176269531,229413
2019-05-06,110.6500015258789,111.0,107.0,109.6500015258789,95.48406982421875,62540
2019-05-07,111.30000305175781,121.3499984741211,109.5999984741211,115.3499984741211,100.44766998291016,304979
2019-05-08,115.19999694824219,119.69999694824219,112.1500015258789,114.44999694824219,99.66393280029297,98121
2019-05-09,114.69999694824219,115.0,109.0,112.5999984741211,98.05294036865234,69809
2019-05-10,113.3499984741211,117.0,113.0,114.0,99.27206420898438,44037
2019-05-13,115.69999694824219,115.69999694824219,111.25,112.0999984741211,97.61753845214844,33577
2019-05-14,110.0999984741211,115.80000305175781,110.0999984741211,112.8499984741211,98.27064514160156,30478
2019-05-15,111.5999984741211,115.94999694824219,111.5999984741211,112.19999694824219,97.7046127319336,27319
2019-05-16,113.5,121.9000015258789,111.44999694824219,118.30000305175781,103.01655578613281,559977
2019-05-17,116.05000305175781,119.0,114.55000305175781,116.30000305175781,101.27493286132812,58190
2019-05-20,120.1500015258789,121.25,117.05000305175781,117.6500015258789,102.45053100585938,100248
2019-05-21,118.0,120.0,114.0999984741211,115.0999984741211,100.22996520996094,28592
2019-05-22,115.5,120.55000305175781,115.25,117.0,101.8844985961914,86072
2019-05-23,115.9000015258789,121.0,115.9000015258789,117.9000015258789,102.66822052001953,146784
2019-05-24,119.05000305175781,120.0,117.3499984741211,119.25,103.84381866455078,192212
2019-05-27,121.0,123.5,118.80000305175781,119.55000305175781,104.10506439208984,193852
2019-05-28,120.5999984741211,121.0,118.8499984741211,119.8499984741211,104.36629486083984,125861
2019-05-29,119.55000305175781,120.75,115.5999984741211,117.0999984741211,101.9715805053711,128544
2019-05-30,122.0,131.89999389648438,121.0,122.4000015258789,106.58686065673828,2578869
2019-05-31,123.25,123.9000015258789,115.80000305175781,117.94999694824219,102.7117691040039,341958
2019-06-03,118.44999694824219,119.05000305175781,117.0,117.75,102.53760528564453,133430
2019-06-04,118.0,122.69999694824219,117.0,120.3499984741211,104.80169677734375,548003
2019-06-06,120.9000015258789,124.6500015258789,117.55000305175781,118.9000015258789,103.53903198242188,472757
2019-06-07,119.5,120.0,117.25,117.80000305175781,102.58114624023438,202437
2019-06-10,118.25,119.5,117.0999984741211,118.5999984741211,103.27778625488281,302756
2019-06-11,119.6500015258789,119.6500015258789,116.19999694824219,118.4000015258789,103.10363006591797,108700
2019-06-12,117.55000305175781,119.75,117.5,118.55000305175781,103.23426055908203,223260
2019-06-13,117.80000305175781,119.25,117.3499984741211,117.80000305175781,102.58114624023438,76503
2019-06-14,118.4000015258789,119.25,116.5999984741211,117.94999694824219,102.7117691040039,108499
2019-06-17,119.69999694824219,123.5999984741211,117.55000305175781,118.3499984741211,103.0600814819336,499840
2019-06-18,118.75,119.19999694824219,116.25,116.6500015258789,101.5797119140625,64067
2019-06-19,116.9000015258789,117.94999694824219,114.0,115.3499984741211,100.44766998291016,74383
2019-06-20,116.6500015258789,118.75,114.25,118.25,102.97300720214844,75737
2019-06-21,116.4000015258789,119.75,116.4000015258789,117.80000305175781,102.58114624023438,68381
2019-06-24,118.0,119.30000305175781,117.05000305175781,118.0999984741211,102.84239196777344,67065
2019-06-25,116.55000305175781,119.0,116.55000305175781,118.1500015258789,102.88593292236328,57453
2019-06-26,117.75,118.4000015258789,117.1500015258789,117.80000305175781,102.58114624023438,68165
2019-06-27,117.30000305175781,119.4000015258789,117.30000305175781,118.8499984741211,103.49549865722656,55130
2019-06-28,117.5999984741211,131.89999389648438,117.5999984741211,123.6500015258789,107.67536163330078,1241141
2019-07-01,124.55000305175781,125.69999694824219,123.0,123.30000305175781,107.37059783935547,190044
2019-07-02,123.0,127.6500015258789,123.0,126.44999694824219,110.1136245727539,184970
2019-07-03,127.44999694824219,127.44999694824219,123.0,123.30000305175781,107.37059783935547,199260
2019-07-04,123.30000305175781,124.19999694824219,122.0,122.5999984741211,106.76101684570312,143173
2019-07-05,123.19999694824219,125.4000015258789,118.0999984741211,119.25,103.84381866455078,181084
2019-07-08,118.25,119.8499984741211,116.0999984741211,117.75,102.53760528564453,145246
2019-07-09,117.25,119.5,117.19999694824219,118.9000015258789,103.53903198242188,193341
2019-07-10,118.69999694824219,119.5,116.30000305175781,116.94999694824219,101.84095764160156,75584
2019-07-11,117.0999984741211,119.0,116.69999694824219,118.1500015258789,102.88593292236328,72141
2019-07-12,118.94999694824219,118.94999694824219,117.05000305175781,117.44999694824219,102.27635955810547,42207
2019-07-15,119.25,124.0,118.0,120.0999984741211,104.58399963378906,265588
2019-07-16,120.0,123.69999694824219,118.6500015258789,120.6500015258789,105.06295013427734,178298
2019-07-17,120.6500015258789,127.9000015258789,120.6500015258789,125.80000305175781,109.547607421875,556734
2019-07-18,126.0,135.8000030517578,125.94999694824219,131.85000610351562,114.81599426269531,978042
2019-07-19,132.0,138.60000610351562,131.0,132.64999389648438,115.51264190673828,682657
2019-07-22,132.9499969482422,133.8000030517578,127.4000015258789,130.8000030517578,113.90164184570312,984549
2019-07-23,132.39999389648438,135.0,130.10000610351562,131.14999389648438,114.2064208984375,874737
2019-07-24,132.5,133.9499969482422,125.5999984741211,126.3499984741211,110.02655029296875,188340
2019-07-25,127.5,132.0,126.30000305175781,130.1999969482422,113.379150390625,342998
2019-07-26,130.1999969482422,134.39999389648438,128.85000610351562,131.0,114.0758056640625,185883
2019-07-29,131.0,134.0,130.39999389648438,133.10000610351562,115.90449523925781,124288
2019-07-30,133.64999389648438,140.8000030517578,130.60000610351562,132.3000030517578,115.20785522460938,438661
2019-07-31,131.8000030517578,137.5,130.35000610351562,135.85000610351562,118.29923248291016,341546
2019-08-01,135.85000610351562,142.0,132.5,135.14999389648438,117.68965148925781,484325
2019-08-02,134.85000610351562,138.0,133.10000610351562,135.0,117.55902862548828,194510
2019-08-05,134.25,134.25,126.5999984741211,131.3000030517578,114.33705139160156,184312
2019-08-06,128.14999389648438,136.4499969482422,128.14999389648438,133.14999389648438,115.94804382324219,143754
2019-08-07,133.89999389648438,136.35000610351562,131.64999389648438,132.4499969482422,115.3384780883789,115184
2019-08-08,132.5,135.75,132.35000610351562,133.1999969482422,115.9915771484375,89792
2019-08-09,134.14999389648438,138.25,133.0,134.35000610351562,116.99302673339844,278952
2019-08-13,137.6999969482422,137.6999969482422,130.1999969482422,132.5,115.38201904296875,300185
2019-08-14,133.39999389648438,134.5,130.1999969482422,130.8000030517578,113.90164184570312,79683
2019-08-16,130.0500030517578,130.10000610351562,126.55000305175781,127.94999694824219,111.41983032226562,114758
2019-08-19,126.5,133.5,126.0999984741211,129.9499969482422,113.16145324707031,122772
2019-08-20,129.35000610351562,131.60000610351562,126.94999694824219,127.3499984741211,110.89735412597656,112974
2019-08-21,127.3499984741211,131.39999389648438,125.4000015258789,129.14999389648438,112.46481323242188,162379
2019-08-22,128.0,129.75,125.5,126.4000015258789,110.0700912475586,128280
2019-08-23,125.55000305175781,127.80000305175781,122.25,125.4000015258789,109.19929504394531,78529
2019-08-26,127.4000015258789,130.89999389648438,125.0,130.1999969482422,113.379150390625,213583
2019-08-27,131.0,138.0,130.25,136.60000610351562,118.95233154296875,287275
2019-08-28,137.0,139.39999389648438,131.10000610351562,132.0,114.94660949707031,189247
2019-08-29,132.3000030517578,135.5,131.35000610351562,132.5,115.38201904296875,186161
2019-08-30,132.9499969482422,134.64999389648438,130.60000610351562,133.1999969482422,115.9915771484375,482731
2019-09-03,132.39999389648438,133.5500030517578,130.64999389648438,131.85000610351562,114.81599426269531,42031
2019-09-04,131.5500030517578,136.75,131.14999389648438,135.8000030517578,118.25567626953125,107531
2019-09-05,135.8000030517578,138.0,135.3000030517578,135.85000610351562,118.29923248291016,114380
2019-09-06,137.0,138.0,135.5,135.8000030517578,118.25567626953125,179744
2019-09-09,136.5,137.9499969482422,135.3000030517578,137.64999389648438,119.8666763305664,196216
2019-09-11,138.8000030517578,145.4499969482422,137.75,141.14999389648438,122.91448974609375,736997
2019-09-12,138.64999389648438,139.5,135.64999389648438,136.14999389648438,123.00484466552734,143206
2019-09-13,137.75,141.3000030517578,135.5500030517578,137.3000030517578,124.04381561279297,285096
2019-09-16,136.60000610351562,143.39999389648438,135.9499969482422,140.89999389648438,127.29623413085938,293345
2019-09-17,141.89999389648438,146.8000030517578,140.6999969482422,143.10000610351562,129.28384399414062,426820
2019-09-18,144.5,163.89999389648438,144.25,158.14999389648438,142.88075256347656,1433478
2019-09-19,159.89999389648438,161.60000610351562,152.0,155.6999969482422,140.66732788085938,557757
2019-09-20,157.0,165.89999389648438,152.25,153.0500030517578,138.27317810058594,871076
2019-09-23,156.0,161.75,155.25,157.5500030517578,142.33868408203125,433167
2019-09-24,158.9499969482422,183.25,157.5500030517578,176.89999389648438,159.82046508789062,1473431
2019-09-25,176.5,190.0,171.8000030517578,177.25,160.1366729736328,1423679
2019-09-26,178.35000610351562,184.0,173.10000610351562,175.6999969482422,158.736328125,925722
2019-09-27,176.0,183.6999969482422,173.8000030517578,179.60000610351562,162.2598114013672,533309
2019-09-30,180.39999389648438,183.5,175.5500030517578,176.8000030517578,159.7301483154297,355304
2019-10-01,178.39999389648438,181.14999389648438,156.10000610351562,165.75,149.74700927734375,541755
2019-10-03,165.0,171.75,164.0500030517578,165.39999389648438,149.43077087402344,238771
2019-10-04,166.14999389648438,176.39999389648438,165.0,170.0,153.586669921875,392509
2019-10-07,171.3000030517578,175.0,168.5,172.5500030517578,155.89047241210938,352040
2019-10-09,173.0500030517578,174.89999389648438,170.3000030517578,171.39999389648438,154.8514862060547,133087
2019-10-10,171.4499969482422,173.4499969482422,166.85000610351562,169.60000610351562,153.22528076171875,127476
2019-10-11,170.3000030517578,170.85000610351562,163.14999389648438,165.4499969482422,149.47596740722656,165105
2019-10-14,166.85000610351562,169.6999969482422,164.1999969482422,168.14999389648438,151.915283203125,174177
2019-10-15,169.4499969482422,174.10000610351562,168.3000030517578,171.4499969482422,154.8966522216797,186172
2019-10-16,172.5,172.89999389648438,166.25,169.35000610351562,152.99942016601562,91374
2019-10-17,170.35000610351562,171.5,166.85000610351562,168.9499969482422,152.63804626464844,129537
2019-10-18,168.10000610351562,180.89999389648438,168.10000610351562,175.3000030517578,158.3749542236328,339979
2019-10-22,173.9499969482422,191.4499969482422,172.89999389648438,184.3000030517578,166.5060272216797,601307
2019-10-23,185.3000030517578,186.89999389648438,178.1999969482422,182.39999389648438,164.78945922851562,162789
2019-10-24,183.8000030517578,187.0,178.1999969482422,179.9499969482422,162.57601928710938,106510
2019-10-25,181.6999969482422,198.89999389648438,180.5,194.3000030517578,175.54052734375,525827
2019-10-27,196.39999389648438,209.60000610351562,191.25,206.60000610351562,186.65296936035156,659056
2019-10-29,207.85000610351562,219.85000610351562,207.85000610351562,212.0500030517578,191.57679748535156,829828
2019-10-30,214.0,214.0,203.25,206.5500030517578,186.60781860351562,366359
2019-10-31,209.0,219.0,201.5,212.6999969482422,192.1640167236328,860902
2019-11-01,225.0,244.0,224.0500030517578,232.9499969482422,210.45889282226562,2708882
2019-11-04,234.64999389648438,249.0,229.14999389648438,240.10000610351562,216.91859436035156,895774
2019-11-05,239.75,239.8000030517578,226.0,229.10000610351562,206.98062133789062,384803
2019-11-06,230.8000030517578,233.3000030517578,220.10000610351562,223.64999389648438,202.05679321289062,387227
2019-11-07,223.6999969482422,234.1999969482422,220.39999389648438,228.64999389648438,206.57408142089844,672667
2019-11-08,227.39999389648438,231.39999389648438,225.0,226.35000610351562,204.49615478515625,248457
2019-11-11,225.0,227.89999389648438,221.0500030517578,222.9499969482422,201.4243927001953,156615
2019-11-13,224.0,227.1999969482422,218.0500030517578,219.10000610351562,197.9461212158203,247040
2019-11-14,220.75,226.75,215.14999389648438,217.3000030517578,196.3199005126953,254703
2019-11-15,218.89999389648438,227.8000030517578,216.89999389648438,222.85000610351562,201.3340606689453,292219
2019-11-18,224.25,242.0,221.5,236.85000610351562,213.9823760986328,658349
2019-11-19,237.9499969482422,238.89999389648438,230.8000030517578,232.75,210.27822875976562,190171
2019-11-20,234.0500030517578,235.9499969482422,227.10000610351562,228.39999389648438,206.34820556640625,173096
2019-11-21,227.25,231.60000610351562,223.0500030517578,224.35000610351562,202.68923950195312,197669
2019-11-22,224.35000610351562,228.0,219.5500030517578,221.60000610351562,200.20472717285156,234313
2019-11-25,223.35000610351562,223.6999969482422,216.64999389648438,217.85000610351562,196.81678771972656,295377
2019-11-26,217.9499969482422,219.6999969482422,205.0500030517578,208.3000030517578,188.1888427734375,362156
2019-11-27,209.0,211.9499969482422,203.0,207.4499969482422,187.4208984375,240036
2019-11-28,208.4499969482422,208.4499969482422,200.8000030517578,202.4499969482422,182.90365600585938,149458
2019-11-29,202.9499969482422,218.6999969482422,202.3000030517578,211.25,190.85403442382812,495168
2019-12-02,212.0,212.8000030517578,205.10000610351562,205.6999969482422,185.83987426757812,123805
2019-12-03,207.3000030517578,208.39999389648438,198.5,201.75,182.271240234375,234370
2019-12-04,200.10000610351562,209.5,196.9499969482422,201.35000610351562,181.9098663330078,309058
2019-12-05,202.5,207.0,199.1999969482422,200.6999969482422,181.32260131835938,233083
2019-12-06,202.4499969482422,238.0,192.5,209.4499969482422,189.22779846191406,1119813
2019-12-09,211.39999389648438,219.10000610351562,207.75,209.75,189.49884033203125,617159
2019-12-10,209.60000610351562,213.6999969482422,201.75,203.25,183.62640380859375,188305
2019-12-11,202.10000610351562,206.75,192.60000610351562,196.14999389648438,177.2119140625,257753
2019-12-12,197.10000610351562,202.9499969482422,194.3000030517578,196.5500030517578,177.5732879638672,259553
2019-12-13,197.5,209.0,197.5,202.89999389648438,183.31021118164062,352804
2019-12-16,203.6999969482422,204.8000030517578,198.6999969482422,199.85000610351562,180.5546875,108939
2019-12-17,200.25,204.1999969482422,198.0,200.85000610351562,181.45814514160156,131535
2019-12-18,201.60000610351562,201.64999389648438,196.25,197.3000030517578,178.25088500976562,120732
2019-12-19,197.9499969482422,199.6999969482422,196.60000610351562,198.14999389648438,179.01881408691406,97057
2019-12-20,199.35000610351562,204.89999389648438,198.0500030517578,199.6999969482422,180.41915893554688,147733
2019-12-23,200.0,211.0,199.6999969482422,205.14999389648438,185.3429718017578,431433
2019-12-24,206.9499969482422,209.6999969482422,205.0,205.85000610351562,185.97537231445312,158432
2019-12-26,206.0,206.75,201.0,201.6999969482422,182.22607421875,87175
2019-12-27,203.25,205.25,199.39999389648438,200.39999389648438,181.05157470703125,134864
2019-12-30,201.6999969482422,203.5,198.5,199.64999389648438,180.3739776611328,106730
2019-12-31,200.4499969482422,201.5,198.0,198.85000610351562,179.65122985839844,165824
2020-01-01,199.25,200.6999969482422,197.8000030517578,198.60000610351562,179.4253692626953,59447
2020-01-02,198.0,212.6999969482422,196.14999389648438,209.8000030517578,189.5440216064453,591261
2020-01-03,209.6999969482422,211.0,203.5,205.0500030517578,185.25262451171875,163765
2020-01-06,204.0,204.0,192.0500030517578,193.39999389648438,174.72740173339844,292445
2020-01-07,196.6999969482422,199.8000030517578,194.14999389648438,195.14999389648438,176.30844116210938,172449
2020-01-08,192.5,194.9499969482422,187.8000030517578,192.85000610351562,174.23052978515625,136286
2020-01-09,199.64999389648438,202.5,196.5500030517578,198.5,179.33502197265625,230986
2020-01-10,198.5,206.0,198.5,200.5500030517578,181.18710327148438,223049
2020-01-13,202.9499969482422,206.8000030517578,200.8000030517578,204.0500030517578,184.34918212890625,183924
2020-01-14,204.9499969482422,216.1999969482422,203.0,211.64999389648438,191.21539306640625,628019
2020-01-15,211.39999389648438,227.6999969482422,209.10000610351562,224.39999389648438,202.734375,1105089
2020-01-16,226.39999389648438,229.0,216.10000610351562,219.5,198.3074951171875,373352
2020-01-17,220.0,224.0,215.4499969482422,218.0,196.95233154296875,279429
2020-01-20,219.85000610351562,229.1999969482422,217.0,217.4499969482422,196.45541381835938,422728
2020-01-21,216.85000610351562,219.14999389648438,214.10000610351562,215.1999969482422,194.42263793945312,134149
2020-01-22,216.0,218.89999389648438,208.10000610351562,209.5,189.27297973632812,184750
2020-01-23,208.60000610351562,210.9499969482422,202.5,204.25,184.52987670898438,193133
2020-01-24,204.6999969482422,210.64999389648438,203.0,206.9499969482422,186.96917724609375,174085
2020-01-27,206.4499969482422,211.6999969482422,205.0,205.60000610351562,185.74952697753906,112327
2020-01-28,207.0,214.8000030517578,204.9499969482422,210.39999389648438,190.08609008789062,277575
2020-01-29,213.0,219.39999389648438,211.9499969482422,213.85000610351562,193.20298767089844,277643
2020-01-30,213.75,216.60000610351562,210.5,213.4499969482422,192.84161376953125,147637
2020-01-31,216.6999969482422,217.0,211.25,212.4499969482422,191.93817138671875,134026
2020-02-03,180.3000030517578,185.0,163.5,175.5500030517578,158.600830078125,889744
2020-02-04,175.5500030517578,179.64999389648438,170.0,173.35000610351562,156.6132354736328,402316
2020-02-05,173.5500030517578,183.0,173.5500030517578,180.64999389648438,163.2084197998047,284333
2020-02-06,181.75,185.0500030517578,179.25,181.60000610351562,164.0666961669922,126261
2020-02-07,182.60000610351562,183.35000610351562,178.10000610351562,179.9499969482422,162.57601928710938,96277
2020-02-10,180.8000030517578,180.9499969482422,168.5500030517578,172.3000030517578,155.66461181640625,281403
2020-02-11,170.1999969482422,175.5500030517578,170.1999969482422,173.14999389648438,156.43251037597656,129966
2020-02-12,174.5,175.8000030517578,172.35000610351562,174.35000610351562,157.5166778564453,135908
2020-02-13,174.9499969482422,175.89999389648438,170.6999969482422,172.89999389648438,156.2066650390625,175154
2020-02-14,172.89999389648438,175.14999389648438,168.0500030517578,169.75,153.3607940673828,96010
2020-02-17,169.75,170.75,159.60000610351562,164.8000030517578,148.8887176513672,181017
2020-02-18,165.8000030517578,179.0,165.0500030517578,172.0500030517578,155.43873596191406,301732
2020-02-19,173.0,185.89999389648438,173.0,183.8000030517578,166.05430603027344,326635
2020-02-20,184.0,191.8000030517578,181.0,181.85000610351562,164.29257202148438,343340
2020-02-24,180.0,186.85000610351562,173.10000610351562,174.1999969482422,157.38116455078125,192272
2020-02-25,172.10000610351562,177.8000030517578,170.0,173.0500030517578,156.34219360351562,130264
2020-02-26,173.89999389648438,173.89999389648438,170.1999969482422,171.4499969482422,154.8966522216797,283995
2020-02-27,172.8000030517578,173.0,161.8000030517578,167.60000610351562,151.41839599609375,221809
2020-02-28,160.0,163.85000610351562,151.14999389648438,152.4499969482422,137.73109436035156,257204
2020-03-02,156.35000610351562,166.5,151.6999969482422,157.3000030517578,142.1128387451172,287970
2020-03-03,159.85000610351562,166.0,156.0,164.9499969482422,149.0242462158203,111003
2020-03-04,165.89999389648438,165.89999389648438,151.75,157.25,142.06765747070312,183815
2020-03-05,158.39999389648438,162.10000610351562,153.10000610351562,154.75,139.8090362548828,156583
2020-03-06,148.0,151.5,143.0500030517578,148.0500030517578,133.7559356689453,128014
2020-03-09,136.9499969482422,148.0,135.8000030517578,143.5,129.6452178955078,277001
2020-03-11,143.5,154.0,143.0,147.25,133.03314208984375,192601
2020-03-12,138.0,139.39999389648438,119.80000305175781,126.69999694824219,114.46722412109375,226694
2020-03-13,110.0,137.85000610351562,102.0,136.14999389648438,123.00484466552734,196544
2020-03-16,129.89999389648438,135.0,124.0999984741211,129.10000610351562,116.63553619384766,137494
2020-03-17,130.10000610351562,135.0,124.25,131.3000030517578,118.62311553955078,103656
2020-03-18,133.0,138.85000610351562,125.25,127.80000305175781,115.4610366821289,121138
2020-03-19,123.0,149.9499969482422,120.0999984741211,137.5,124.2245101928711,393423
2020-03-20,134.1999969482422,141.9499969482422,130.1999969482422,138.8000030517578,125.39900970458984,210478
2020-03-23,126.0,130.0,116.05000305175781,121.55000305175781,109.81446075439453,119476
2020-03-24,125.1500015258789,143.9499969482422,110.05000305175781,123.19999694824219,111.30516052246094,71572
2020-03-25,120.5,128.75,119.0,126.75,114.51241302490234,61573
2020-03-26,125.25,133.1999969482422,124.19999694824219,127.19999694824219,120.37003326416016,129580
2020-03-27,131.6999969482422,137.5,122.19999694824219,134.1999969482422,126.99418640136719,233122
2020-03-30,127.0999984741211,134.5,125.0,126.0999984741211,119.32910919189453,64814
2020-03-31,128.0,139.0,127.19999694824219,136.60000610351562,129.2653350830078,204370
2020-04-01,137.0,139.85000610351562,129.89999389648438,137.85000610351562,130.4481964111328,137201
2020-04-03,138.0,147.6999969482422,133.4499969482422,142.3000030517578,134.6592559814453,192069
2020-04-07,148.9499969482422,158.14999389648438,145.0500030517578,155.35000610351562,147.00852966308594,159051
2020-04-08,154.0,166.60000610351562,149.35000610351562,152.60000610351562,144.4062042236328,174262
2020-04-09,158.0,158.0,151.25,155.0,146.67733764648438,99638
2020-04-13,163.1999969482422,164.5,154.1999969482422,157.10000610351562,148.66458129882812,138430
2020-04-15,162.3000030517578,162.3000030517578,153.0500030517578,156.10000610351562,147.71827697753906,163310
2020-04-16,156.0,160.39999389648438,152.0,153.5500030517578,145.30519104003906,105655
2020-04-17,157.39999389648438,168.3000030517578,155.6999969482422,164.0,155.19407653808594,411584
2020-04-20,164.3000030517578,165.10000610351562,156.0,157.89999389648438,149.421630859375,71478
2020-04-21,154.6999969482422,157.39999389648438,150.3000030517578,152.0500030517578,143.88572692871094,85272
2020-04-22,155.0,155.0,145.1999969482422,148.6999969482422,140.71560668945312,77317
2020-04-23,147.10000610351562,153.5,146.1999969482422,149.35000610351562,141.3307342529297,65812
2020-04-24,148.5,150.89999389648438,141.89999389648438,142.75,135.0850830078125,59065
2020-04-27,144.25,146.0,139.0500030517578,140.64999389648438,133.0978546142578,65827
2020-04-28,141.9499969482422,144.25,136.4499969482422,138.14999389648438,130.73208618164062,90585
2020-04-29,139.0,142.75,136.25,139.10000610351562,131.63108825683594,175059
2020-04-30,141.0,143.8000030517578,136.25,137.60000610351562,130.2116241455078,112732
2020-05-04,135.0,135.0,129.0,130.4499969482422,123.4455337524414,66605
2020-05-05,133.0,155.8000030517578,131.25,146.8000030517578,138.91761779785156,1293651
2020-05-06,150.0,152.39999389648438,141.4499969482422,144.25,136.50454711914062,458969
2020-05-07,143.25,145.8000030517578,137.0,138.3000030517578,130.8740234375,123792
2020-05-08,139.14999389648438,142.0,136.10000610351562,137.5500030517578,130.16432189941406,105494
2020-05-11,138.5,142.0,138.25,138.85000610351562,131.39450073242188,62774
2020-05-12,139.4499969482422,139.4499969482422,134.1999969482422,137.5500030517578,130.16432189941406,58328
2020-05-13,143.0,143.0,136.0,139.64999389648438,132.1515350341797,179596
2020-05-14,138.89999389648438,139.6999969482422,137.5,137.75,130.3535614013672,45672
2020-05-15,138.0500030517578,149.39999389648438,137.1999969482422,144.35000610351562,136.59918212890625,466973
2020-05-18,147.9499969482422,148.0,135.10000610351562,138.14999389648438,130.73208618164062,398997
2020-05-19,140.10000610351562,143.0,137.10000610351562,137.60000610351562,130.2116241455078,82104
2020-05-20,136.64999389648438,139.5500030517578,136.14999389648438,138.8000030517578,131.34718322753906,56774
2020-05-21,141.3000030517578,142.60000610351562,138.8000030517578,139.35000610351562,131.86764526367188,111847
2020-05-22,139.35000610351562,140.5,133.60000610351562,135.10000610351562,127.84586334228516,96664
2020-05-26,136.0500030517578,137.5,133.10000610351562,134.14999389648438,126.94686889648438,55216
2020-05-27,135.0500030517578,138.5,132.0500030517578,134.9499969482422,127.70391845703125,119575
2020-05-28,135.5,139.75,135.10000610351562,137.60000610351562,130.2116241455078,101644
2020-05-29,137.0500030517578,143.8000030517578,136.5,141.89999389648438,134.28073120117188,184543
2020-06-01,143.0,149.25,140.1999969482422,147.6999969482422,139.76930236816406,404623
2020-06-02,149.35000610351562,153.75,146.85000610351562,149.9499969482422,141.8984832763672,414755
2020-06-03,151.0,153.60000610351562,146.5,148.5500030517578,140.5736846923828,276792
2020-06-04,149.0500030517578,151.9499969482422,145.64999389648438,149.14999389648438,141.1414337158203,169684
2020-06-05,150.89999389648438,156.75,149.0,154.1999969482422,145.9202880859375,288781
2020-06-08,163.0,164.0,152.4499969482422,154.35000610351562,146.06224060058594,505961
2020-06-09,156.0,156.8000030517578,150.0,150.75,142.655517578125,187070
2020-06-10,152.6999969482422,173.35000610351562,152.0,167.5500030517578,158.553466796875,1505351
2020-06-11,169.60000610351562,189.39999389648438,168.4499969482422,181.85000610351562,172.0856475830078,1861816
2020-06-12,173.6999969482422,183.9499969482422,171.0,182.35000610351562,172.55877685546875,680478
2020-06-15,182.35000610351562,191.1999969482422,176.3000030517578,187.25,177.1956787109375,672248
2020-06-16,191.5,194.89999389648438,181.25,184.89999389648438,174.97186279296875,830986
2020-06-17,187.6999969482422,201.8000030517578,185.35000610351562,198.75,188.0782012939453,1100773
2020-06-18,200.25,206.35000610351562,196.10000610351562,199.14999389648438,188.4567108154297,570591
2020-06-19,199.89999389648438,203.6999969482422,193.0,196.8000030517578,186.23291015625,437267
2020-06-22,201.6999969482422,217.1999969482422,197.85000610351562,210.75,199.43385314941406,733015
2020-06-23,220.5,222.0,207.0,209.8000030517578,198.5348663330078,854433
2020-06-24,210.0,212.0,200.14999389648438,205.14999389648438,194.13455200195312,468703
2020-06-25,200.25,205.0,198.0500030517578,202.25,191.39027404785156,223589
2020-06-26,203.6999969482422,214.0,203.0,211.35000610351562,200.00164794921875,352031
2020-06-29,212.39999389648438,218.85000610351562,208.4499969482422,211.85000610351562,200.4748077392578,425440
2020-06-30,213.85000610351562,216.4499969482422,212.1999969482422,214.5,202.9824981689453,428392
2020-07-01,216.0,218.75,211.25,215.9499969482422,204.35464477539062,257475
2020-07-02,216.75,224.8000030517578,215.4499969482422,217.39999389648438,205.72679138183594,380238
2020-07-03,220.35000610351562,224.0,216.5,219.3000030517578,207.52476501464844,385429
2020-07-06,220.0,225.8000030517578,215.60000610351562,222.85000610351562,210.8841552734375,473146
2020-07-07,224.6999969482422,225.6999969482422,218.0,218.9499969482422,207.1935577392578,346034
2020-07-08,219.85000610351562,227.14999389648438,214.0500030517578,215.85000610351562,204.26002502441406,935270
2020-07-09,216.89999389648438,224.39999389648438,212.0500030517578,221.4499969482422,209.559326171875,1398665
2020-07-10,219.8000030517578,225.4499969482422,217.0500030517578,219.35000610351562,207.5720977783203,849089
2020-07-13,220.4499969482422,221.8000030517578,212.25,214.60000610351562,203.07713317871094,402162
2020-07-14,216.0,217.3000030517578,202.6999969482422,210.0500030517578,198.7714385986328,401058
2020-07-15,212.0,212.9499969482422,196.5500030517578,199.0500030517578,188.36209106445312,301245
2020-07-16,202.0,206.75,192.1999969482422,203.0500030517578,192.14732360839844,361773
2020-07-17,204.0,212.5,201.0500030517578,206.4499969482422,195.36474609375,623912
2020-07-20,207.0,208.0500030517578,202.0,203.5500030517578,192.62045288085938,150088
2020-07-21,203.64999389648438,204.85000610351562,196.60000610351562,198.89999389648438,188.22012329101562,354643
2020-07-22,198.14999389648438,201.6999969482422,195.0500030517578,196.25,185.71243286132812,176926
2020-07-23,197.0,203.3000030517578,197.0,197.89999389648438,187.27381896972656,287468
2020-07-24,197.0,204.89999389648438,193.1999969482422,201.85000610351562,191.01174926757812,527764
2020-07-27,203.60000610351562,208.8000030517578,200.0,203.5,192.57313537597656,425144
2020-07-28,203.4499969482422,204.89999389648438,195.39999389648438,196.9499969482422,186.37484741210938,167674
2020-07-29,196.9499969482422,204.5500030517578,196.5500030517578,204.0500030517578,193.09361267089844,186003
2020-07-30,206.6999969482422,206.6999969482422,194.25,195.0500030517578,184.5768585205078,166125
2020-07-31,195.0500030517578,198.35000610351562,193.5,194.9499969482422,184.4822235107422,107860
2020-08-03,193.8000030517578,199.5500030517578,193.8000030517578,196.85000610351562,186.28021240234375,88555
2020-08-04,199.5,216.9499969482422,198.1999969482422,213.5500030517578,202.08352661132812,957303
2020-08-05,215.0,215.89999389648438,205.0500030517578,208.5,197.30465698242188,442935
2020-08-06,209.5500030517578,212.0,206.4499969482422,209.10000610351562,197.87245178222656,215999
2020-08-07,209.10000610351562,210.9499969482422,200.6999969482422,202.4499969482422,191.5795135498047,242638
2020-08-10,212.0,221.8000030517578,208.25,217.0,205.3482666015625,785497
2020-08-11,219.9499969482422,239.0,217.5,232.8000030517578,220.2998809814453,2023815
2020-08-12,237.0,243.0,225.0,228.0500030517578,215.80494689941406,1103629
2020-08-13,229.10000610351562,236.39999389648438,221.5,234.0,221.43545532226562,564737
2020-08-14,226.0,229.89999389648438,216.0,219.14999389648438,207.3828125,808993
2020-08-17,215.0,225.0,212.10000610351562,213.1999969482422,201.75230407714844,338501
2020-08-18,213.1999969482422,215.9499969482422,207.75,208.5,197.30465698242188,232087
2020-08-19,210.0500030517578,215.4499969482422,210.0500030517578,214.0500030517578,202.556640625,394048
2020-08-20,212.9499969482422,224.35000610351562,212.6999969482422,215.3000030517578,203.7395477294922,889296
2020-08-21,217.0,218.5,208.5,213.75,202.27276611328125,458750
2020-08-24,214.9499969482422,215.4499969482422,205.75,208.9499969482422,197.7305145263672,395382
2020-08-25,211.1999969482422,214.6999969482422,208.1999969482422,208.75,197.54124450683594,314047
2020-08-26,209.1999969482422,219.89999389648438,209.14999389648438,214.64999389648438,203.12445068359375,428881
2020-08-27,217.0,219.75,211.8000030517578,212.6999969482422,201.27915954589844,220333
2020-08-28,214.75,216.0,209.89999389648438,213.35000610351562,201.89425659179688,534688
2020-08-31,214.0,214.75,193.5,199.0,188.3147735595703,606825
2020-09-01,198.10000610351562,202.64999389648438,191.5,196.0500030517578,185.52316284179688,237044
2020-09-02,197.39999389648438,205.9499969482422,196.60000610351562,203.9499969482422,192.99899291992188,103489
2020-09-03,205.89999389648438,208.0,202.5,203.4499969482422,193.85653686523438,107175
2020-09-04,198.0,204.1999969482422,195.0,200.39999389648438,190.95034790039062,199458
2020-09-07,201.3000030517578,201.3000030517578,193.14999389648438,193.85000610351562,184.709228515625,194003
2020-09-08,193.0,194.89999389648438,181.5,182.5,173.89442443847656,343944
2020-09-09,177.35000610351562,183.1999969482422,175.10000610351562,181.8000030517578,173.22743225097656,244326
2020-09-10,184.1999969482422,187.89999389648438,183.60000610351562,185.85000610351562,177.0864715576172,154606
2020-09-11,183.0,184.39999389648438,178.0,179.89999389648438,171.41700744628906,197307
2020-09-14,181.39999389648438,191.60000610351562,181.39999389648438,189.0500030517578,180.13555908203125,273245
2020-09-15,189.8000030517578,193.0,185.5,187.64999389648438,178.8015594482422,211989
2020-09-16,186.0,191.6999969482422,186.0,190.14999389648438,181.1836700439453,128706
2020-09-17,190.0,190.4499969482422,181.10000610351562,184.3000030517578,175.6095428466797,119171
2020-09-18,184.0,187.8000030517578,181.10000610351562,182.0500030517578,173.46563720703125,99413
2020-09-21,182.5,185.0,173.0,174.5500030517578,166.31930541992188,134709
2020-09-22,175.5,175.5,166.0500030517578,170.75,162.698486328125,160690
2020-09-23,171.64999389648438,176.0,170.0500030517578,172.9499969482422,164.79473876953125,88684
2020-09-24,171.25,172.75,168.10000610351562,170.10000610351562,162.07913208007812,94950
2020-09-25,172.0,174.9499969482422,172.0,173.3000030517578,165.12823486328125,92693
2020-09-28,175.9499969482422,184.64999389648438,172.6999969482422,183.5,174.84727478027344,243230
2020-09-29,186.0,196.0,183.5,191.35000610351562,182.32711791992188,417811
2020-09-30,193.4499969482422,219.4499969482422,191.0500030517578,216.35000610351562,206.14825439453125,2078913
2020-10-01,217.0,227.5,212.10000610351562,219.64999389648438,209.2926483154297,1552051
2020-10-05,219.64999389648438,223.8000030517578,216.3000030517578,218.9499969482422,208.6256561279297,650636
2020-10-06,218.5,224.39999389648438,217.6999969482422,220.4499969482422,210.054931640625,245311
2020-10-07,217.5,221.8000030517578,216.0,216.89999389648438,206.6723175048828,175134
2020-10-08,216.0,220.85000610351562,215.0,216.14999389648438,205.95767211914062,255799
2020-10-09,217.89999389648438,219.89999389648438,216.3000030517578,217.14999389648438,206.9105224609375,120572
2020-10-12,218.0,221.85000610351562,202.8000030517578,204.39999389648438,194.76173400878906,444707
2020-10-13,204.0,204.0,193.85000610351562,199.14999389648438,189.75930786132812,219255
2020-10-14,200.14999389648438,207.0,195.0,200.60000610351562,191.14093017578125,133327
2020-10-15,201.35000610351562,202.9499969482422,195.0,198.25,188.9017333984375,80160
2020-10-16,199.0,201.25,197.0,197.64999389648438,188.33004760742188,41355
2020-10-19,198.64999389648438,199.0,193.0,193.89999389648438,184.75685119628906,79794
2020-10-20,193.89999389648438,195.6999969482422,192.25,193.10000610351562,183.99459838867188,41384
2020-10-21,193.9499969482422,196.0,192.0,192.5500030517578,183.47052001953125,94010
2020-10-22,193.0,196.0,192.0,193.3000030517578,184.18515014648438,106904
2020-10-23,200.3000030517578,203.9499969482422,195.64999389648438,198.5,189.13995361328125,224800
2020-10-26,197.0,205.89999389648438,196.0,200.60000610351562,191.14093017578125,138090
2020-10-27,201.4499969482422,203.89999389648438,195.35000610351562,196.14999389648438,186.9007568359375,152727
2020-10-28,196.89999389648438,199.0,194.35000610351562,195.60000610351562,186.376708984375,37170
2020-10-29,192.1999969482422,195.39999389648438,192.1999969482422,193.64999389648438,184.51864624023438,27662
2020-10-30,193.89999389648438,196.75,192.0,193.0,183.89930725097656,25359
2020-11-02,193.5500030517578,196.75,189.0500030517578,190.14999389648438,181.1836700439453,57682
2020-11-03,191.5,193.14999389648438,189.10000610351562,189.75,180.80255126953125,52857
2020-11-04,191.5,192.89999389648438,189.0,189.35000610351562,180.42141723632812,25299
2020-11-05,190.0,192.89999389648438,189.3000030517578,189.8000030517578,180.85020446777344,60803
2020-11-06,190.5,192.8000030517578,190.0,190.60000610351562,181.61248779296875,136959
2020-11-09,192.0,193.89999389648438,191.0,191.8000030517578,182.75588989257812,41389
2020-11-10,192.5,194.0,188.0,188.25,179.373291015625,83322
2020-11-11,188.89999389648438,192.35000610351562,188.5,189.39999389648438,180.46905517578125,61624
2020-11-12,190.3000030517578,190.5500030517578,187.0,187.5500030517578,178.706298828125,64830
2020-11-13,188.0,195.0,187.0,192.25,183.18466186523438,314957
2020-11-14,192.5,194.5500030517578,191.35000610351562,193.0,183.89930725097656,19121
2020-11-17,194.0,197.0,191.60000610351562,192.25,183.18466186523438,86250
2020-11-18,192.0,193.39999389648438,188.0,189.0,180.08792114257812,175490
2020-11-19,188.89999389648438,197.39999389648438,188.0,195.8000030517578,186.5672607421875,423591
2020-11-20,197.1999969482422,203.39999389648438,194.6999969482422,199.25,189.85459899902344,316846
2020-11-23,200.75,204.0,195.14999389648438,195.9499969482422,186.710205078125,173033
2020-11-24,197.14999389648438,198.89999389648438,195.0,195.39999389648438,186.18612670898438,64615
2020-11-25,197.0,201.0,192.5,193.39999389648438,184.28042602539062,131098
2020-11-26,193.0500030517578,196.1999969482422,191.5,192.75,183.6610870361328,88514
2020-11-27,196.8000030517578,197.39999389648438,192.89999389648438,193.3000030517578,184.18515014648438,74068
2020-12-01,194.4499969482422,195.8000030517578,193.3000030517578,194.25,185.09036254882812,39558
2020-12-02,194.9499969482422,195.39999389648438,192.0,193.3000030517578,184.18515014648438,78658
2020-12-03,199.0,203.35000610351562,196.25,197.35000610351562,188.04417419433594,398892
2020-12-04,197.35000610351562,203.0,195.0,196.6999969482422,187.42483520507812,284206
2020-12-07,198.0,201.75,198.0,198.35000610351562,188.99703979492188,222349
2020-12-08,198.5500030517578,200.39999389648438,195.0,196.25,186.9960479736328,103257
2020-12-09,201.0,202.0,197.0,197.85000610351562,188.52061462402344,237731
2020-12-10,198.39999389648438,201.60000610351562,195.75,196.4499969482422,187.18661499023438,343063
2020-12-11,197.4499969482422,198.5,194.0,194.4499969482422,185.2809295654297,124972
2020-12-14,195.8000030517578,201.8000030517578,194.60000610351562,196.3000030517578,187.04368591308594,472501
2020-12-15,200.0,200.0,196.6999969482422,197.5,188.18710327148438,420001
2020-12-16,198.5500030517578,218.39999389648438,196.10000610351562,215.0500030517578,204.90956115722656,2385547
2020-12-17,217.39999389648438,218.8000030517578,204.0,204.60000610351562,194.9523162841797,626387
2020-12-18,207.9499969482422,208.8000030517578,199.5,200.89999389648438,191.42677307128906,393844
2020-12-21,201.0,206.1999969482422,186.3000030517578,189.14999389648438,180.2308349609375,269410
2020-12-22,187.25,193.8000030517578,183.0,186.8000030517578,177.9916534423828,324552
2020-12-23,187.64999389648438,196.0,187.64999389648438,195.0,185.8049774169922,459954
2020-12-24,198.5,198.5,192.1999969482422,193.64999389648438,184.51864624023438,87351
2020-12-28,195.35000610351562,202.0,195.0,200.89999389648438,191.42677307128906,359681
2020-12-29,202.6999969482422,204.6999969482422,196.5,197.39999389648438,188.09181213378906,147397
2020-12-30,198.10000610351562,198.5,194.39999389648438,195.39999389648438,186.18612670898438,204795
2020-12-31,195.75,198.0500030517578,193.25,194.39999389648438,185.23329162597656,88462
2021-01-01,195.5,203.39999389648438,194.8000030517578,201.85000610351562,192.33200073242188,420380
2021-01-04,203.0,204.0,195.5500030517578,199.35000610351562,189.9498748779297,194738
2021-01-05,199.0,199.89999389648438,195.5500030517578,196.25,186.9960479736328,203313
2021-01-06,197.4499969482422,202.64999389648438,193.5,196.0500030517578,186.80548095703125,302024
2021-01-07,197.8000030517578,198.14999389648438,194.64999389648438,195.14999389648438,185.9479217529297,137162
2021-01-08,196.14999389648438,197.85000610351562,194.10000610351562,195.5500030517578,186.32907104492188,172165
2021-01-11,196.9499969482422,199.5500030517578,195.0,195.75,186.51962280273438,162374
2021-01-12,196.5,198.39999389648438,194.4499969482422,194.75,185.5667724609375,166217
2021-01-13,195.60000610351562,197.5,193.60000610351562,194.3000030517578,185.13800048828125,126685
2021-01-14,195.39999389648438,205.8000030517578,194.4499969482422,197.64999389648438,188.33004760742188,1177184
2021-01-15,198.5,201.60000610351562,194.6999969482422,195.5500030517578,186.32907104492188,249417
2021-01-18,196.5,196.5500030517578,191.1999969482422,191.89999389648438,182.85116577148438,158509
2021-01-19,193.10000610351562,197.1999969482422,191.60000610351562,192.0,182.9464569091797,137370
2021-01-20,192.0,196.0,191.5,191.9499969482422,182.89881896972656,191408
2021-01-21,193.6999969482422,195.5,182.3000030517578,187.89999389648438,179.03976440429688,530936
2021-01-22,188.1999969482422,190.60000610351562,183.89999389648438,184.64999389648438,175.9430389404297,159563
2021-01-25,186.0,187.39999389648438,182.39999389648438,184.1999969482422,175.51425170898438,91831
2021-01-27,184.0,184.5,182.25,182.8000030517578,174.18026733398438,69693
2021-01-28,179.0,182.0,175.0,176.0,167.70091247558594,184466
2021-01-29,181.8000030517578,181.8000030517578,178.5,180.5,171.9887237548828,133076
2021-02-01,184.0,187.0,181.5,184.35000610351562,175.6571807861328,162989
2021-02-02,185.10000610351562,189.89999389648438,185.0,187.64999389648438,178.8015594482422,135452
2021-02-03,188.64999389648438,189.64999389648438,185.1999969482422,186.64999389648438,177.84872436523438,79252
2021-02-04,186.6999969482422,191.3000030517578,185.1999969482422,189.0500030517578,180.13555908203125,103640
2021-02-05,190.0,191.75,184.8000030517578,185.75,176.9911651611328,105306
2021-02-08,186.6999969482422,208.0,185.5,202.85000610351562,193.2848358154297,1284570
2021-02-09,204.4499969482422,205.64999389648438,191.5,196.85000610351562,187.56776428222656,605323
2021-02-10,198.0,199.85000610351562,192.3000030517578,193.35000610351562,184.23280334472656,187176
2021-02-11,192.9499969482422,202.0,192.9499969482422,196.14999389648438,186.9007568359375,233315
2021-02-12,196.89999389648438,200.0,194.0500030517578,198.25,188.9017333984375,134956
2021-02-15,199.89999389648438,204.4499969482422,198.0500030517578,199.0500030517578,189.66403198242188,439150
2021-02-16,200.0500030517578,201.14999389648438,195.0,198.3000030517578,188.9493865966797,140564
2021-02-17,198.0,206.0,196.4499969482422,204.6999969482422,198.90943908691406,494234
2021-02-18,205.0,205.6999969482422,200.0,203.3000030517578,197.54904174804688,478044
2021-02-19,203.9499969482422,209.0,196.6999969482422,198.0,192.39895629882812,382851
2021-02-22,198.89999389648438,208.3000030517578,196.75,198.6999969482422,193.07916259765625,506624
2021-02-23,202.89999389648438,202.89999389648438,197.0,197.9499969482422,192.35037231445312,126481
2021-02-24,198.5,204.0,195.0,199.6999969482422,194.05087280273438,103782
2021-02-25,202.0500030517578,202.9499969482422,198.75,199.89999389648438,194.24520874023438,180101
2021-02-26,195.0,201.5,194.0,198.0500030517578,192.4475555419922,143721
2021-03-01,200.0,202.8000030517578,198.0,199.39999389648438,193.7593536376953,225738
2021-03-02,200.8000030517578,217.39999389648438,200.0,211.0,205.03121948242188,1664745
2021-03-03,211.85000610351562,217.39999389648438,207.5500030517578,214.75,208.67514038085938,601245
2021-03-04,209.0,214.89999389648438,207.14999389648438,208.14999389648438,202.2618408203125,211541
2021-03-05,205.10000610351562,213.14999389648438,200.0500030517578,202.60000610351562,196.8688507080078,216843
2021-03-08,206.5,212.0,201.0,207.4499969482422,201.58163452148438,196085
2021-03-09,206.5,208.5500030517578,202.10000610351562,203.85000610351562,198.08348083496094,120967
2021-03-10,204.89999389648438,207.8000030517578,203.10000610351562,205.35000610351562,199.54104614257812,127744
2021-03-12,206.39999389648438,213.9499969482422,205.39999389648438,207.8000030517578,201.92173767089844,444835
2021-03-15,208.89999389648438,210.14999389648438,203.64999389648438,204.89999389648438,199.103759765625,664942
2021-03-16,206.5,209.6999969482422,201.25,202.60000610351562,196.8688507080078,128244
2021-03-17,203.0,205.0,196.10000610351562,197.9499969482422,192.35037231445312,102749
2021-03-18,199.10000610351562,201.0,189.0,189.89999389648438,184.528076171875,159484
2021-03-19,188.75,192.9499969482422,183.4499969482422,188.89999389648438,183.55638122558594,150680
2021-03-22,192.0,198.0,190.0,191.39999389648438,185.98565673828125,213865
2021-03-23,191.39999389648438,201.4499969482422,191.39999389648438,198.75,193.1277313232422,441256
2021-03-24,197.8000030517578,197.8000030517578,192.0500030517578,192.4499969482422,187.00595092773438,97884
2021-03-25,193.3000030517578,193.3000030517578,185.0,186.8000030517578,181.5157928466797,113098
2021-03-26,188.10000610351562,191.9499969482422,185.85000610351562,190.3000030517578,184.9167938232422,209589
2021-03-30,193.0,193.10000610351562,185.6999969482422,186.5500030517578,181.2728729248047,119482
2021-03-31,187.4499969482422,189.35000610351562,184.0,184.85000610351562,179.62095642089844,116427
2021-04-01,185.8000030517578,193.0,185.8000030517578,190.5500030517578,185.1597137451172,121867
2021-04-05,190.5500030517578,191.0,184.0,184.89999389648438,179.66954040527344,119897
2021-04-06,185.8000030517578,188.4499969482422,184.0,185.8000030517578,180.54408264160156,168050
2021-04-07,189.5,190.0,184.4499969482422,184.8000030517578,179.57235717773438,171686
2021-04-08,185.75,188.39999389648438,185.5,186.8000030517578,181.5157928466797,78106
2021-04-09,187.5,189.5,185.0,185.6999969482422,180.4468994140625,102547
2021-04-12,184.0,184.39999389648438,178.1999969482422,179.0500030517578,173.9850311279297,148306
2021-04-13,180.0500030517578,182.64999389648438,176.0500030517578,177.10000610351562,172.09019470214844,124171
2021-04-15,177.3000030517578,179.64999389648438,175.4499969482422,177.0,171.99301147460938,59789
2021-04-16,177.14999389648438,185.9499969482422,177.14999389648438,180.64999389648438,175.5397491455078,239069
2021-04-19,175.0,179.75,173.0500030517578,176.0,171.02130126953125,93525
2021-04-20,178.0,180.14999389648438,175.75,176.5,171.5071563720703,54623
2021-04-22,176.60000610351562,177.9499969482422,175.39999389648438,176.1999969482422,171.21563720703125,52510
2021-04-23,175.10000610351562,179.5,175.10000610351562,176.25,171.26422119140625,48823
2021-04-26,177.1999969482422,181.75,177.1999969482422,177.5,172.47886657714844,31483
2021-04-27,178.3000030517578,180.6999969482422,176.5,177.60000610351562,172.57603454589844,82572
2021-04-28,178.60000610351562,180.0,178.10000610351562,179.5500030517578,174.4708709716797,50399
2021-04-29,180.60000610351562,182.3000030517578,178.0,179.8000030517578,174.71380615234375,67630
2021-04-30,177.5,178.0,175.0500030517578,175.5,170.53543090820312,124242
2021-05-03,175.5,177.89999389648438,173.64999389648438,174.1999969482422,169.272216796875,186178
2021-05-04,175.1999969482422,176.10000610351562,171.39999389648438,171.85000610351562,166.98870849609375,211586
2021-05-05,173.89999389648438,176.8000030517578,171.14999389648438,174.5500030517578,169.61231994628906,209846
2021-05-06,176.4499969482422,176.4499969482422,172.75,174.8000030517578,169.85523986816406,88870
2021-05-07,175.5,176.25,170.35000610351562,171.0,166.16273498535156,370167
2021-05-10,172.5,174.75,170.10000610351562,171.10000610351562,166.25991821289062,267905
2021-05-11,171.89999389648438,180.1999969482422,171.1999969482422,177.39999389648438,172.38169860839844,712025
2021-05-12,180.0,186.3000030517578,180.0,184.64999389648438,179.4265899658203,673015
2021-05-14,186.1999969482422,187.75,177.39999389648438,177.89999389648438,172.86753845214844,280642
2021-05-17,179.1999969482422,185.8000030517578,179.0,181.64999389648438,176.51145935058594,365584
2021-05-18,174.89999389648438,181.8000030517578,173.3000030517578,178.25,173.20765686035156,566065
2021-05-19,180.0,185.9499969482422,178.25,180.64999389648438,175.5397491455078,557358
2021-05-20,182.5,188.39999389648438,182.5,185.9499969482422,180.68983459472656,1199933
2021-05-21,188.0,189.35000610351562,185.0,185.5,180.2525634765625,336242
2021-05-24,189.0,190.5,185.0,186.0500030517578,180.78700256347656,457632
2021-05-25,187.3000030517578,188.1999969482422,184.0,184.64999389648438,179.4265899658203,161110
2021-05-26,185.60000610351562,189.0,182.85000610351562,187.8000030517578,182.4875030517578,542811
2021-05-27,188.6999969482422,189.4499969482422,184.4499969482422,184.8000030517578,179.57235717773438,215123
2021-05-28,185.75,186.9499969482422,181.6999969482422,182.0,176.8515625,173268
2021-05-31,182.0,183.25,179.0,179.6999969482422,174.6166229248047,197841
2021-06-01,184.89999389648438,188.6999969482422,181.1999969482422,181.89999389648438,176.75439453125,514474
2021-06-02,182.39999389648438,185.3000030517578,182.10000610351562,182.85000610351562,177.67752075195312,178650
2021-06-03,182.10000610351562,192.5,182.10000610351562,185.6999969482422,180.4468994140625,1139938
2021-06-04,187.0,187.89999389648438,183.5500030517578,184.85000610351562,179.62095642089844,236654
2021-06-07,186.4499969482422,206.0,186.0,203.5500030517578,197.79196166992188,2820030
2021-06-08,204.85000610351562,213.4499969482422,196.5,205.64999389648438,199.83255004882812,1923824
2021-06-09,207.0,214.89999389648438,196.0,198.6999969482422,193.07916259765625,1220104
2021-06-10,200.3000030517578,212.0,200.0,205.39999389648438,199.58961486816406,1280054
2021-06-11,206.8000030517578,209.35000610351562,204.0500030517578,205.3000030517578,199.49246215820312,414233
2021-06-14,205.89999389648438,206.0500030517578,197.5,201.1999969482422,195.50843811035156,518544
2021-06-15,202.25,206.0,199.4499969482422,199.89999389648438,194.24520874023438,339895
2021-06-16,200.89999389648438,207.0,197.0,203.9499969482422,198.18064880371094,602706
2021-06-17,201.6999969482422,203.89999389648438,197.10000610351562,197.6999969482422,192.10743713378906,316376
2021-06-18,198.6999969482422,200.6999969482422,192.75,194.1999969482422,188.70645141601562,225325
2021-06-21,191.89999389648438,203.0,190.4499969482422,201.89999389648438,196.18862915039062,270103
2021-06-22,203.0,206.64999389648438,199.5,202.4499969482422,196.72308349609375,462911
2021-06-23,203.9499969482422,216.4499969482422,201.60000610351562,208.89999389648438,202.99061584472656,2904782
2021-06-24,210.5,219.35000610351562,209.3000030517578,210.60000610351562,204.6425323486328,1527212
2021-06-25,212.10000610351562,213.89999389648438,207.60000610351562,208.4499969482422,202.5533447265625,334599
2021-06-28,209.85000610351562,210.10000610351562,205.0500030517578,205.60000610351562,199.7839813232422,283437
2021-06-29,206.8000030517578,212.9499969482422,202.85000610351562,208.4499969482422,202.5533447265625,546875
2021-06-30,209.89999389648438,209.89999389648438,202.5,203.6999969482422,197.93771362304688,212717
2021-07-01,204.0,205.3000030517578,201.0,201.5,195.79995727539062,215471
2021-07-02,202.9499969482422,209.5,202.0,204.8000030517578,199.00660705566406,630137
2021-07-05,206.0,209.8000030517578,205.0500030517578,208.3000030517578,202.40760803222656,389706
2021-07-06,209.0,210.1999969482422,201.10000610351562,202.5,196.7716522216797,280614
2021-07-07,203.0,205.25,201.5,202.1999969482422,196.4801483154297,241175
2021-07-08,202.9499969482422,204.25,198.0,199.8000030517578,194.14804077148438,374926
2021-07-09,199.39999389648438,202.4499969482422,198.39999389648438,199.75,194.09945678710938,150820
2021-07-12,201.6999969482422,202.4499969482422,198.39999389648438,199.0,193.3706817626953,205197
2021-07-13,200.75,208.60000610351562,200.0,203.25,197.5004425048828,543001
2021-07-14,203.6999969482422,209.1999969482422,201.3000030517578,205.5500030517578,199.73538208007812,459875
2021-07-15,209.0,209.0,200.5500030517578,200.89999389648438,195.2169189453125,426610
2021-07-16,201.89999389648438,204.14999389648438,200.0500030517578,201.1999969482422,195.50843811035156,228416
2021-07-19,198.0,207.0,197.5,203.8000030517578,198.03489685058594,278591
2021-07-20,204.9499969482422,206.89999389648438,199.0,199.35000610351562,193.7107696533203,214785
2021-07-22,200.9499969482422,205.5,200.9499969482422,204.5,198.715087890625,259143
2021-07-23,205.25,205.4499969482422,202.0,203.0500030517578,197.3061065673828,136557
2021-07-26,203.64999389648438,211.85000610351562,199.5,209.8000030517578,203.86517333984375,1344820
2021-07-27,210.6999969482422,212.4499969482422,205.0,207.64999389648438,201.77597045898438,650726
2021-07-28,208.85000610351562,208.85000610351562,200.0500030517578,202.5,196.7716522216797,361082
2021-07-29,204.75,204.75,199.25,199.8000030517578,194.14804077148438,216861
2021-07-30,200.0,202.39999389648438,197.10000610351562,197.8000030517578,192.20462036132812,211133
2021-08-02,198.10000610351562,200.0,196.5,197.0,191.42724609375,172479
2021-08-03,196.10000610351562,208.39999389648438,196.10000610351562,203.14999389648438,197.4032745361328,990084
2021-08-04,204.89999389648438,206.9499969482422,199.0,199.64999389648438,194.0022735595703,359860
2021-08-05,199.6999969482422,200.60000610351562,197.5,199.75,194.09945678710938,167385
2021-08-06,199.9499969482422,203.1999969482422,199.89999389648438,200.39999389648438,194.73106384277344,103798
2021-08-09,200.39999389648438,201.39999389648438,198.0,198.4499969482422,192.8362274169922,86883
2021-08-10,198.0,199.8000030517578,189.89999389648438,191.4499969482422,186.03424072265625,255924
2021-08-11,190.0,192.4499969482422,181.39999389648438,186.60000610351562,181.32144165039062,269796
2021-08-12,187.0,194.0,187.0,192.5,187.05455017089844,148467
2021-08-13,192.25,195.3000030517578,190.25,191.10000610351562,185.69415283203125,87455
2021-08-16,189.0,192.75,188.5,190.0,184.62527465820312,151812
2021-08-17,190.75,191.0,184.35000610351562,186.9499969482422,181.6615447998047,191965
2021-08-18,187.89999389648438,191.64999389648438,185.0,190.10000610351562,184.72244262695312,137238
2021-08-20,188.1999969482422,190.0,184.0,185.14999389648438,179.91246032714844,125819
2021-08-23,186.10000610351562,187.89999389648438,182.60000610351562,183.75,178.55206298828125,184255
2021-08-24,184.6999969482422,188.75,183.0,185.0,179.76670837402344,187333
2021-08-25,186.0,189.8000030517578,184.89999389648438,186.6999969482422,181.4186248779297,136289
2021-08-26,186.6999969482422,187.64999389648438,184.5500030517578,185.60000610351562,180.3497314453125,203003
2021-08-27,185.9499969482422,186.14999389648438,182.5500030517578,183.64999389648438,178.45489501953125,133248
2021-08-30,188.0,188.0,183.9499969482422,185.64999389648438,180.3983154296875,168656
2021-08-31,185.6999969482422,191.8000030517578,184.75,189.0500030517578,183.7021484375,223749
2021-09-01,191.39999389648438,192.89999389648438,189.5,190.5500030517578,185.1597137451172,127526
2021-09-02,191.39999389648438,195.89999389648438,191.1999969482422,193.25,188.9235076904297,171000
2021-09-03,194.39999389648438,197.35000610351562,190.0,194.85000610351562,190.48770141601562,185519
2021-09-06,194.85000610351562,197.85000610351562,193.4499969482422,195.6999969482422,191.31866455078125,184170
2021-09-07,196.0,200.39999389648438,194.10000610351562,196.3000030517578,191.9052276611328,250875
2021-09-08,197.25,198.5,194.0,194.9499969482422,190.58544921875,76342
2021-09-09,195.6999969482422,196.25,193.0500030517578,194.4499969482422,190.09664916992188,68550
2021-09-13,200.0,200.1999969482422,193.5,193.85000610351562,189.5100860595703,249955
2021-09-14,195.35000610351562,195.39999389648438,191.0500030517578,192.25,187.94589233398438,124926
2021-09-15,193.25,195.25,192.5,192.89999389648438,188.5813446044922,146362
2021-09-16,193.89999389648438,198.60000610351562,192.4499969482422,196.14999389648438,191.75857543945312,241979
2021-09-17,197.3000030517578,197.8000030517578,192.89999389648438,194.14999389648438,189.80335998535156,112236
2021-09-20,192.0,197.5,187.3000030517578,190.14999389648438,185.89291381835938,187269
2021-09-21,188.25,192.75,188.0500030517578,191.39999389648438,187.11492919921875,74342
2021-09-22,191.9499969482422,193.35000610351562,189.60000610351562,190.8000030517578,186.5283660888672,55544
2021-09-23,191.10000610351562,194.1999969482422,191.10000610351562,192.5500030517578,188.2391815185547,70426
2021-09-24,193.75,195.5,188.89999389648438,189.85000610351562,185.59963989257812,94225
2021-09-27,190.8000030517578,192.64999389648438,189.5,190.5,186.23507690429688,41792
2021-09-28,190.89999389648438,192.14999389648438,189.75,190.6999969482422,186.43060302734375,72270
2021-09-29,189.89999389648438,193.4499969482422,189.39999389648438,190.6999969482422,186.43060302734375,81883
2021-09-30,191.35000610351562,195.0,189.64999389648438,193.3000030517578,188.97239685058594,104529
2021-10-01,192.14999389648438,193.0,185.5,186.85000610351562,182.6667938232422,394350
2021-10-04,187.8000030517578,194.35000610351562,187.3000030517578,190.9499969482422,186.6750030517578,1635631
2021-10-05,191.0,200.5,191.0,197.6999969482422,193.2738800048828,783268
2021-10-06,198.9499969482422,204.1999969482422,193.60000610351562,195.1999969482422,190.82984924316406,636213
2021-10-07,197.89999389648438,213.89999389648438,197.89999389648438,211.8000030517578,207.05821228027344,1868928
2021-10-08,215.0,215.5500030517578,206.89999389648438,207.4499969482422,202.80560302734375,970755
2021-10-11,208.89999389648438,210.75,207.60000610351562,208.89999389648438,204.22312927246094,371891
2021-10-12,210.25,234.3000030517578,207.8000030517578,226.4499969482422,221.38021850585938,4510036
2021-10-13,227.4499969482422,239.3000030517578,224.10000610351562,226.4499969482422,221.38021850585938,1881639
2021-10-14,228.1999969482422,236.0,219.5,220.9499969482422,216.00335693359375,660152
2021-10-18,225.0,234.89999389648438,220.75,230.1999969482422,225.0462646484375,726416
2021-10-19,233.0,233.0,215.0,216.6999969482422,211.8485107421875,693189
2021-10-20,216.6999969482422,224.64999389648438,211.89999389648438,217.3000030517578,212.43508911132812,492502
2021-10-21,218.89999389648438,227.5,216.5,224.64999389648438,219.62051391601562,643957
2021-10-22,225.8000030517578,226.5,219.25,224.35000610351562,219.32725524902344,363321
2021-10-25,225.0,229.0,213.5500030517578,221.85000610351562,216.8832244873047,440610
2021-10-26,222.0,227.0,219.0500030517578,221.60000610351562,216.63880920410156,187252
2021-10-27,222.35000610351562,226.5500030517578,219.14999389648438,223.25,218.2518768310547,434429
2021-10-28,223.0500030517578,234.0,220.75,222.39999389648438,217.4208984375,626313
2021-10-29,222.0,225.8000030517578,216.14999389648438,219.3000030517578,214.3903045654297,279910
2021-11-01,224.0,224.0,218.0,220.1999969482422,215.27015686035156,144071
2021-11-02,220.1999969482422,227.5,218.0,225.89999389648438,220.842529296875,311139
2021-11-03,226.85000610351562,250.39999389648438,226.8000030517578,247.5,241.95895385742188,4133316
2021-11-04,250.10000610351562,266.79998779296875,250.10000610351562,262.5,256.6231384277344,1687486
2021-11-08,266.70001220703125,269.6000061035156,258.5,263.95001220703125,258.0406799316406,1873329
2021-11-09,264.8999938964844,265.95001220703125,255.0,258.25,252.46829223632812,705013
2021-11-10,258.25,267.3999938964844,250.6999969482422,252.5,246.84701538085938,908009
2021-11-11,253.60000610351562,274.79998779296875,253.5500030517578,272.79998779296875,266.6925354003906,3030158
2021-11-12,274.5,276.70001220703125,263.0,265.3999938964844,259.4582214355469,840486
2021-11-15,269.3999938964844,279.79998779296875,258.1000061035156,259.3500061035156,253.54367065429688,1480134
2021-11-16,258.0,266.0,257.3999938964844,262.04998779296875,256.1831970214844,417262
2021-11-17,260.70001220703125,264.25,250.6999969482422,253.8000030517578,248.117919921875,315660
2021-11-18,255.10000610351562,258.1499938964844,244.0,248.39999389648438,242.83880615234375,458717
2021-11-22,248.6999969482422,254.25,228.6999969482422,231.14999389648438,225.97499084472656,800413
2021-11-23,231.0,243.6999969482422,230.5,241.85000610351562,236.43545532226562,559410
2021-11-24,243.85000610351562,245.0,236.85000610351562,238.85000610351562,233.50262451171875,280170
2021-11-25,238.85000610351562,244.60000610351562,236.89999389648438,242.5500030517578,237.11978149414062,237843
2021-11-26,239.9499969482422,241.5,225.64999389648438,227.0,221.91790771484375,529308
2021-11-29,225.0500030517578,232.0,217.60000610351562,221.60000610351562,216.63880920410156,569865
2021-11-30,223.6999969482422,228.60000610351562,218.25,221.35000610351562,216.3944091796875,243366
2021-12-01,222.3000030517578,237.4499969482422,222.3000030517578,235.4499969482422,230.17872619628906,747684
2021-12-02,234.8000030517578,239.75,232.10000610351562,236.3000030517578,231.00970458984375,295153
2021-12-03,236.9499969482422,243.5500030517578,236.9499969482422,241.8000030517578,236.38658142089844,323888
2021-12-06,241.8000030517578,248.4499969482422,238.39999389648438,240.64999389648438,235.26231384277344,331312
2021-12-07,241.89999389648438,243.0,233.10000610351562,235.60000610351562,230.32537841796875,182739
2021-12-08,236.8000030517578,242.8000030517578,236.5500030517578,240.10000610351562,234.72463989257812,150373
2021-12-09,241.3000030517578,246.6999969482422,240.14999389648438,241.14999389648438,235.75111389160156,174575
2021-12-10,240.89999389648438,243.89999389648438,237.0,238.3000030517578,232.96493530273438,100399
2021-12-13,238.8000030517578,242.25,235.10000610351562,235.85000610351562,230.56979370117188,129748
2021-12-14,234.64999389648438,237.85000610351562,233.0,233.64999389648438,228.4190216064453,81498
2021-12-15,233.10000610351562,237.64999389648438,227.1999969482422,228.9499969482422,223.82424926757812,142171
2021-12-16,228.9499969482422,234.25,227.3000030517578,228.5,223.38433837890625,148402
2021-12-17,229.5,229.5,219.4499969482422,220.5,215.5634307861328,217335
2021-12-20,217.89999389648438,217.89999389648438,208.0,209.8000030517578,205.10299682617188,252827
2021-12-21,210.5500030517578,218.5,207.25,215.25,210.43096923828125,167813
2021-12-22,216.35000610351562,219.8000030517578,214.4499969482422,215.75,210.91978454589844,144152
2021-12-23,216.1999969482422,223.0,215.25,216.64999389648438,211.79962158203125,124475
2021-12-24,216.10000610351562,218.60000610351562,212.10000610351562,213.5500030517578,208.76904296875,134149
2021-12-27,212.8000030517578,212.8000030517578,203.1999969482422,210.1999969482422,205.49403381347656,128729
2021-12-28,210.5500030517578,216.0,210.5500030517578,213.9499969482422,209.1600799560547,106575
2021-12-29,215.0500030517578,223.4499969482422,214.25,220.10000610351562,215.17239379882812,221342
2021-12-30,219.9499969482422,222.5500030517578,218.0,219.0500030517578,214.14590454101562,78824
2021-12-31,218.10000610351562,226.0,218.10000610351562,223.35000610351562,218.34963989257812,138566
2022-01-03,223.0,227.64999389648438,222.85000610351562,223.75,218.7406768798828,134455
2022-01-04,225.0,227.6999969482422,220.75,225.14999389648438,220.1093292236328,151163
2022-01-05,226.25,232.5,222.0500030517578,231.5500030517578,226.36605834960938,300591
2022-01-06,228.89999389648438,233.89999389648438,227.3000030517578,230.75,225.58395385742188,166734
2022-01-07,230.75,274.0,229.89999389648438,261.75,255.88992309570312,7235590
2022-01-10,256.0,261.25,248.0,249.39999389648438,243.81642150878906,1507828
2022-01-11,251.0,256.5,245.75,247.9499969482422,242.3988800048828,590341
2022-01-12,250.3000030517578,259.54998779296875,248.0,256.04998779296875,250.31753540039062,618352
2022-01-13,257.29998779296875,259.45001220703125,251.4499969482422,253.89999389648438,248.21566772460938,271783
2022-01-14,252.0500030517578,258.20001220703125,248.10000610351562,251.85000610351562,246.21157836914062,278450
2022-01-17,251.75,259.0,247.6999969482422,248.6999969482422,243.13209533691406,361411
2022-01-18,250.3000030517578,252.39999389648438,240.10000610351562,241.64999389648438,236.23992919921875,198164
2022-01-19,241.64999389648438,250.0,238.14999389648438,248.60000610351562,243.03433227539062,255787
2022-01-20,249.0,251.89999389648438,244.60000610351562,246.5,240.98135375976562,181132
2022-01-21,245.4499969482422,246.6999969482422,237.25,240.14999389648438,234.77349853515625,144774
2022-01-24,241.25,241.25,225.0,228.4499969482422,223.33544921875,226100
2022-01-25,229.39999389648438,235.25,220.25,232.60000610351562,227.39254760742188,190387
2022-01-27,229.9499969482422,235.10000610351562,227.5500030517578,232.5,227.29478454589844,154367
2022-01-28,232.0,243.9499969482422,232.0,238.0500030517578,232.7205352783203,230788
2022-01-31,240.6999969482422,247.14999389648438,238.25,241.4499969482422,236.04440307617188,284155
2022-02-01,243.9499969482422,247.3000030517578,234.0,235.39999389648438,230.12985229492188,338419
2022-02-02,237.1999969482422,240.0,237.1999969482422,237.9499969482422,232.6227569580078,108728
2022-02-03,238.9499969482422,249.9499969482422,238.14999389648438,246.0,240.49253845214844,467204
2022-02-04,246.10000610351562,249.5,242.1999969482422,245.3000030517578,239.80821228027344,156942
2022-02-07,244.39999389648438,246.9499969482422,240.10000610351562,244.64999389648438,239.17276000976562,127771
2022-02-08,245.9499969482422,247.35000610351562,240.0,243.0500030517578,237.6085968017578,162884
2022-02-09,243.0,246.75,238.0,238.6999969482422,233.35597229003906,117380
2022-02-10,236.64999389648438,239.6999969482422,235.60000610351562,237.6999969482422,232.37835693359375,99332
2022-02-11,235.1999969482422,240.5,235.1999969482422,238.35000610351562,233.01380920410156,128902
2022-02-14,238.25,238.25,221.5500030517578,224.4499969482422,219.4250030517578,208938
2022-02-15,227.9499969482422,230.0,220.0,228.85000610351562,223.72650146484375,170771
2022-02-16,228.85000610351562,234.9499969482422,227.85000610351562,232.64999389648438,227.44142150878906,122332
2022-02-17,232.5500030517578,234.0,226.0500030517578,228.0,222.89552307128906,54903
2022-02-18,228.0,230.4499969482422,223.0,224.6999969482422,219.66940307617188,71803
2022-02-21,224.6999969482422,224.6999969482422,218.35000610351562,221.10000610351562,216.15000915527344,152342
2022-02-22,214.8000030517578,215.0,206.0,210.8000030517578,210.8000030517578,237947
2022-02-23,210.0,223.35000610351562,210.0,219.6999969482422,219.6999969482422,166900
2022-02-24,211.0,214.64999389648438,199.0,204.10000610351562,204.10000610351562,420294
2022-02-25,211.0,223.9499969482422,210.8000030517578,219.35000610351562,219.35000610351562,511597
2022-02-28,213.6999969482422,220.75,213.4499969482422,218.5500030517578,218.5500030517578,108565
2022-03-02,217.89999389648438,227.3000030517578,216.1999969482422,225.0500030517578,225.0500030517578,203492
2022-03-03,226.1999969482422,229.0,222.9499969482422,225.1999969482422,225.1999969482422,88198
2022-03-04,223.89999389648438,231.5500030517578,222.64999389648438,227.60000610351562,227.60000610351562,139222
2022-03-07,220.0,227.14999389648438,218.5500030517578,223.6999969482422,223.6999969482422,212797
2022-03-08,224.8000030517578,233.9499969482422,223.35000610351562,230.0,230.0,154863
2022-03-09,235.3000030517578,235.3000030517578,226.35000610351562,228.10000610351562,228.10000610351562,66577
2022-03-10,232.10000610351562,233.0500030517578,226.0,227.64999389648438,227.64999389648438,88178
2022-03-11,227.3000030517578,233.5,225.10000610351562,230.75,230.75,49688
2022-03-14,231.39999389648438,233.0,225.5,226.64999389648438,226.64999389648438,64198
2022-03-15,227.8000030517578,228.10000610351562,215.10000610351562,216.85000610351562,216.85000610351562,159055
2022-03-16,219.0,232.89999389648438,218.9499969482422,230.64999389648438,230.64999389648438,352744
2022-03-17,231.5,244.0,228.75,236.60000610351562,236.60000610351562,479857
2022-03-21,241.89999389648438,241.89999389648438,230.3000030517578,232.75,232.75,117890
2022-03-22,232.0,238.6999969482422,230.35000610351562,234.64999389648438,234.64999389648438,131121
2022-03-23,234.64999389648438,238.5,232.0,233.0500030517578,233.0500030517578,91131
2022-03-24,231.6999969482422,243.75,229.1999969482422,231.10000610351562,231.10000610351562,398792
2022-03-25,231.10000610351562,234.60000610351562,226.35000610351562,227.6999969482422,227.6999969482422,184843
2022-03-28,226.0500030517578,227.64999389648438,221.0,223.64999389648438,223.64999389648438,146915
2022-03-29,223.75,229.60000610351562,222.1999969482422,225.64999389648438,225.64999389648438,164951
2022-03-30,226.8000030517578,231.0,225.0,225.75,225.75,91011
2022-03-31,224.5,232.0500030517578,224.5,226.6999969482422,226.6999969482422,152587
2022-04-01,226.0,234.60000610351562,225.89999389648438,230.8000030517578,230.8000030517578,114227
2022-04-04,239.39999389648438,254.25,237.0,245.25,245.25,1327772
2022-04-05,246.6999969482422,257.20001220703125,244.1999969482422,250.3000030517578,250.3000030517578,747955
2022-04-06,245.89999389648438,253.9499969482422,244.89999389648438,246.85000610351562,246.85000610351562,310528
2022-04-07,249.25,262.5,242.0,243.75,243.75,912896
2022-04-08,245.64999389648438,256.75,243.0,251.89999389648438,251.89999389648438,624570
2022-04-11,253.8000030517578,275.95001220703125,253.5,270.70001220703125,270.70001220703125,1931417
2022-04-12,272.0,319.3500061035156,263.0,312.75,312.75,12462892
2022-04-13,308.0,312.79998779296875,293.6000061035156,297.04998779296875,297.04998779296875,2858143
2022-04-18,297.5,316.6499938964844,288.75,304.6499938964844,304.6499938964844,3142567
2022-04-19,306.79998779296875,313.75,276.75,287.0,287.0,1349664
2022-04-20,284.1499938964844,297.0,276.70001220703125,290.1499938964844,290.1499938964844,1019484
2022-04-21,293.6000061035156,319.3999938964844,293.0,310.45001220703125,310.45001220703125,3215330
2022-04-22,308.79998779296875,333.0,306.04998779296875,317.8500061035156,317.8500061035156,3562394
2022-04-25,317.0,321.70001220703125,298.1000061035156,299.70001220703125,299.70001220703125,876123
2022-04-26,305.0,312.70001220703125,301.5,304.5,304.5,559584
2022-04-27,300.1000061035156,309.0,292.20001220703125,298.1000061035156,298.1000061035156,494669
2022-04-28,300.20001220703125,304.8500061035156,290.1000061035156,291.3999938964844,291.3999938964844,322695
2022-04-29,294.3500061035156,298.0,282.5,283.70001220703125,283.70001220703125,412767
2022-05-02,284.0,297.29998779296875,284.0,290.04998779296875,290.04998779296875,519248
2022-05-04,290.25,294.79998779296875,273.1499938964844,278.95001220703125,278.95001220703125,569786
2022-05-05,283.8500061035156,291.75,278.0,282.1000061035156,282.1000061035156,430692
2022-05-06,278.79998779296875,286.45001220703125,272.5,276.45001220703125,276.45001220703125,487907
2022-05-09,274.20001220703125,277.8999938964844,265.8500061035156,273.3500061035156,273.3500061035156,460972
2022-05-10,274.25,287.0,274.25,282.1499938964844,282.1499938964844,786949
2022-05-11,281.0,284.0,258.0,281.1499938964844,281.1499938964844,684137
2022-05-12,275.0,282.5,271.0,279.20001220703125,279.20001220703125,484516
2022-05-13,284.75,294.20001220703125,281.1499938964844,283.45001220703125,283.45001220703125,344041
2022-05-16,284.8999938964844,287.8500061035156,274.1000061035156,277.6000061035156,277.6000061035156,257062
2022-05-17,279.8999938964844,307.8999938964844,279.25,305.5,305.5,1009213
2022-05-18,306.70001220703125,306.70001220703125,297.54998779296875,300.0,300.0,506243
2022-05-19,292.3999938964844,296.0,283.5,288.79998779296875,288.79998779296875,284349
2022-05-20,291.20001220703125,316.79998779296875,291.20001220703125,309.5,309.5,1323240
2022-05-23,312.0,324.3999938964844,305.70001220703125,310.6000061035156,310.6000061035156,728086
2022-05-24,311.79998779296875,314.79998779296875,297.45001220703125,303.1499938964844,303.1499938964844,448297
2022-05-25,304.0,306.8999938964844,256.0,268.20001220703125,268.20001220703125,1477095
2022-05-26,270.04998779296875,273.8999938964844,248.3000030517578,257.3999938964844,257.3999938964844,668960
2022-05-27,262.1000061035156,269.79998779296875,262.1000061035156,266.6000061035156,266.6000061035156,371477
2022-05-30,269.1000061035156,272.6499938964844,262.5,264.1000061035156,264.1000061035156,270787
2022-05-31,263.79998779296875,270.70001220703125,258.0,259.3999938964844,259.3999938964844,329116
2022-06-01,260.0,263.8999938964844,253.0,254.0500030517578,254.0500030517578,503045
2022-06-02,254.0,260.6499938964844,253.0,259.20001220703125,259.20001220703125,249294
2022-06-03,261.54998779296875,265.20001220703125,254.0,255.5,255.5,245102
2022-06-06,255.10000610351562,256.70001220703125,245.0,245.75,245.75,225346
2022-06-07,246.89999389648438,256.5,245.85000610351562,249.6999969482422,249.6999969482422,514338
2022-06-08,248.5,250.0,243.0,244.0,244.0,184565
2022-06-09,243.9499969482422,243.9499969482422,239.35000610351562,241.60000610351562,241.60000610351562,182828
2022-06-10,239.39999389648438,243.89999389648438,236.10000610351562,238.35000610351562,238.35000610351562,153412
2022-06-13,235.3000030517578,235.3000030517578,223.5,225.5,225.5,230158
2022-06-14,222.0,234.8000030517578,222.0,230.5500030517578,230.5500030517578,330308
2022-06-15,230.5,232.85000610351562,227.0,229.39999389648438,229.39999389648438,135085
2022-06-16,230.89999389648438,234.4499969482422,215.60000610351562,219.0,219.0,258350
2022-06-17,218.0,226.1999969482422,215.0,222.14999389648438,222.14999389648438,252858
2022-06-20,223.25,224.8000030517578,207.6999969482422,210.85000610351562,210.85000610351562,240877
2022-06-21,211.9499969482422,223.0,211.9499969482422,220.85000610351562,220.85000610351562,181549
2022-06-22,220.8000030517578,221.3000030517578,211.25,213.3000030517578,213.3000030517578,176918
2022-06-23,214.4499969482422,222.5,213.0,218.14999389648438,218.14999389648438,146836
2022-06-24,219.8000030517578,231.64999389648438,219.6999969482422,229.85000610351562,229.85000610351562,309147
2022-06-27,233.64999389648438,234.0,224.0500030517578,225.6999969482422,225.6999969482422,193903
2022-06-28,229.39999389648438,241.85000610351562,225.14999389648438,238.85000610351562,238.85000610351562,360369
2022-06-29,235.8000030517578,237.0,230.75,231.6999969482422,231.6999969482422,131623
2022-06-30,232.0,233.0,223.0500030517578,224.14999389648438,224.14999389648438,113679
2022-07-01,222.0,226.10000610351562,218.4499969482422,220.5500030517578,220.5500030517578,185514
2022-07-04,221.0,226.5,220.60000610351562,224.5,224.5,87598
2022-07-05,225.64999389648438,233.6999969482422,225.5,226.60000610351562,226.60000610351562,182074
2022-07-06,227.75,239.5,226.64999389648438,238.0,238.0,340355
2022-07-07,239.6999969482422,243.0,234.39999389648438,238.10000610351562,238.10000610351562,162118
2022-07-08,239.89999389648438,251.60000610351562,237.0500030517578,240.5500030517578,240.5500030517578,232077
2022-07-11,239.0,242.0,236.3000030517578,237.25,237.25,83999
2022-07-12,237.9499969482422,248.0,236.10000610351562,246.1999969482422,246.1999969482422,366682
2022-07-13,248.0,248.60000610351562,239.5,240.3000030517578,240.3000030517578,286099
2022-07-14,235.0,237.39999389648438,225.0,227.60000610351562,227.60000610351562,473988
2022-07-15,227.60000610351562,235.5,223.5,234.10000610351562,234.10000610351562,510930
2022-07-18,234.10000610351562,237.35000610351562,232.10000610351562,235.25,235.25,187564
2022-07-19,232.0500030517578,247.6999969482422,232.0500030517578,246.9499969482422,246.9499969482422,410392
2022-07-20,246.85000610351562,254.0,240.14999389648438,249.35000610351562,249.35000610351562,477995
2022-07-21,250.60000610351562,257.3999938964844,249.10000610351562,253.60000610351562,253.60000610351562,394550
2022-07-22,255.64999389648438,258.0,250.9499969482422,256.0,256.0,234601
2022-07-25,252.1999969482422,255.0,245.0,246.5500030517578,246.5500030517578,197477
2022-07-26,247.6999969482422,252.0,241.10000610351562,245.3000030517578,245.3000030517578,187791
2022-07-27,245.3000030517578,258.95001220703125,244.5,253.6999969482422,253.6999969482422,438000
2022-07-28,255.25,258.8500061035156,252.0,255.0500030517578,255.0500030517578,171157
2022-07-29,259.0,262.29998779296875,255.0,257.20001220703125,257.20001220703125,207829
2022-08-01,258.45001220703125,263.0,256.1000061035156,261.1499938964844,261.1499938964844,143921
2022-08-02,260.70001220703125,267.79998779296875,258.3999938964844,265.70001220703125,265.70001220703125,406893
2022-08-03,265.6499938964844,266.6000061035156,254.0,255.60000610351562,255.60000610351562,241292
2022-08-04,257.6000061035156,262.5,250.0,253.39999389648438,253.39999389648438,171399
2022-08-05,254.3000030517578,256.95001220703125,251.39999389648438,253.5500030517578,253.5500030517578,97419
2022-08-08,254.6999969482422,266.5,254.14999389648438,259.95001220703125,259.95001220703125,356517
2022-08-10,261.25,270.5,258.3999938964844,266.6000061035156,266.6000061035156,324650
2022-08-11,269.45001220703125,275.0,267.54998779296875,273.1499938964844,273.1499938964844,558980
2022-08-12,280.1000061035156,286.5,274.29998779296875,277.6000061035156,277.6000061035156,1421669
2022-08-16,279.5,285.8999938964844,276.0,278.29998779296875,278.29998779296875,317244
2022-08-17,280.0,282.0,270.75,273.1000061035156,273.1000061035156,214834
2022-08-18,274.1499938964844,275.1000061035156,267.04998779296875,268.5,268.5,189295
2022-08-19,267.25,271.8999938964844,260.45001220703125,265.95001220703125,265.95001220703125,181270
2022-08-22,267.29998779296875,268.8999938964844,258.25,259.79998779296875,259.79998779296875,122894
2022-08-23,257.0,263.5,252.25,258.45001220703125,258.45001220703125,282666
2022-08-24,259.0,274.70001220703125,258.6000061035156,271.70001220703125,271.70001220703125,524504
2022-08-25,278.0,279.5,274.1000061035156,276.3500061035156,276.3500061035156,414517
2022-08-26,279.5,310.0,277.45001220703125,287.6000061035156,287.6000061035156,3507480
2022-08-29,280.0,309.29998779296875,280.0,299.95001220703125,299.95001220703125,3447813
2022-08-30,303.20001220703125,308.0,296.79998779296875,300.6499938964844,300.6499938964844,688044
2022-09-01,301.6000061035156,316.25,299.20001220703125,312.6000061035156,312.6000061035156,1557861
2022-09-02,314.6000061035156,321.54998779296875,307.20001220703125,310.1000061035156,310.1000061035156,750678
2022-09-05,312.6000061035156,317.5,310.0,313.45001220703125,313.45001220703125,577616
2022-09-06,315.0,316.3999938964844,302.20001220703125,304.5,304.5,346599
2022-09-07,303.0,359.8500061035156,300.95001220703125,349.3999938964844,349.3999938964844,4228324
2022-09-08,357.8999938964844,362.54998779296875,337.70001220703125,346.6000061035156,346.6000061035156,3035434
2022-09-09,348.0,352.0,336.0,344.70001220703125,344.70001220703125,1185103
2022-09-12,345.8999938964844,364.3500061035156,343.6000061035156,359.3999938964844,359.3999938964844,1842906
2022-09-13,361.20001220703125,362.79998779296875,348.0,351.1499938964844,351.1499938964844,646580
2022-09-14,343.0,349.95001220703125,343.0,345.1000061035156,345.1000061035156,433732
2022-09-15,347.70001220703125,353.6499938964844,339.1499938964844,340.3999938964844,340.3999938964844,385061
2022-09-16,343.70001220703125,368.8500061035156,340.45001220703125,347.3999938964844,347.3999938964844,2889589
2022-09-19,356.0,358.8999938964844,346.0,351.75,351.75,1381751
2022-09-20,358.0,359.95001220703125,346.04998779296875,347.6499938964844,347.6499938964844,713599
2022-09-21,349.0,353.75,337.0,347.8999938964844,347.8999938964844,625122
2022-09-22,347.45001220703125,362.25,346.1499938964844,353.0,353.0,917172
2022-09-23,353.70001220703125,357.0,336.8500061035156,338.70001220703125,338.70001220703125,426183
2022-09-26,337.3999938964844,337.3999938964844,303.1499938964844,308.5,308.5,719211
2022-09-27,312.8999938964844,334.0,312.8999938964844,329.04998779296875,329.04998779296875,1075278
2022-09-28,323.95001220703125,334.1499938964844,321.0,324.75,324.75,396748
2022-09-29,331.0,341.8999938964844,328.20001220703125,337.04998779296875,337.04998779296875,690248
2022-09-30,336.5,353.0,331.0,348.70001220703125,348.70001220703125,634981
2022-10-03,349.5,372.0,347.8999938964844,355.25,355.25,2349507
2022-10-04,362.25,376.0,355.45001220703125,371.29998779296875,371.29998779296875,1260699
2022-10-06,377.0,430.0,376.45001220703125,400.45001220703125,400.45001220703125,6802535
2022-10-07,397.0,413.6499938964844,385.5,392.1000061035156,392.1000061035156,2736265
2022-10-10,386.6499938964844,464.8999938964844,384.29998779296875,450.1000061035156,450.1000061035156,11764808
2022-10-11,453.79998779296875,461.70001220703125,423.1499938964844,430.75,430.75,4486886
2022-10-12,429.75,469.0,422.54998779296875,464.45001220703125,464.45001220703125,7143500
2022-10-13,459.5,485.95001220703125,457.0,475.1000061035156,475.1000061035156,6221210
2022-10-14,486.79998779296875,486.79998779296875,456.04998779296875,464.8999938964844,464.8999938964844,3710339
2022-10-17,464.0,464.0,429.0,436.75,436.75,2340057
2022-10-18,441.79998779296875,459.0,439.8500061035156,456.25,456.25,2285802
2022-10-19,457.5,467.8999938964844,444.04998779296875,464.1499938964844,464.1499938964844,2477415
2022-10-20,460.79998779296875,472.79998779296875,451.3999938964844,466.20001220703125,466.20001220703125,1474453
2022-10-21,464.3999938964844,467.8500061035156,432.95001220703125,443.3500061035156,443.3500061035156,1611173
2022-10-24,446.8999938964844,446.8999938964844,433.04998779296875,437.6499938964844,437.6499938964844,298065
2022-10-25,439.45001220703125,452.0,434.1499938964844,445.54998779296875,445.54998779296875,1143399
2022-10-27,446.79998779296875,456.8999938964844,441.0,453.8500061035156,453.8500061035156,801267
2022-10-28,454.0,458.25,443.0,446.1499938964844,446.1499938964844,683462
2022-10-31,448.45001220703125,459.0,445.0,447.54998779296875,447.54998779296875,898913
2022-11-01,449.0,462.79998779296875,446.0,455.6499938964844,455.6499938964844,1012384
2022-11-02,457.3999938964844,501.0,453.6000061035156,494.20001220703125,494.20001220703125,4288602
2022-11-03,494.0,540.0,490.1499938964844,503.95001220703125,503.95001220703125,7656249
2022-11-04,506.0,515.75,490.20001220703125,509.29998779296875,509.29998779296875,2749382
2022-11-07,509.29998779296875,519.9000244140625,500.70001220703125,516.2999877929688,516.2999877929688,1812897
2022-11-09,517.0,520.9000244140625,497.25,505.6000061035156,505.6000061035156,1062800
2022-11-10,505.0,508.1499938964844,460.04998779296875,470.20001220703125,470.20001220703125,1532491
2022-11-11,470.0,477.1000061035156,452.0,461.45001220703125,461.45001220703125,2177645
2022-11-14,465.0,482.79998779296875,458.6000061035156,463.70001220703125,463.70001220703125,1801949
2022-11-15,465.95001220703125,498.3999938964844,452.0,485.1499938964844,485.1499938964844,1872596
2022-11-16,488.25,503.0,481.6499938964844,495.95001220703125,495.95001220703125,2983043
2022-11-17,492.5,502.3999938964844,486.6499938964844,496.20001220703125,496.20001220703125,1521502
2022-11-18,496.20001220703125,499.0,482.6000061035156,486.75,486.75,1151893
2022-11-21,486.75,488.0,472.0,475.95001220703125,475.95001220703125,884162
2022-11-22,473.0,518.7999877929688,470.0,516.0,516.0,3051334
2022-11-23,517.5,534.0,512.0999755859375,518.9500122070312,518.9500122070312,3280519
2022-11-24,518.9500122070312,523.0,501.8999938964844,505.70001220703125,505.70001220703125,942303
2022-11-25,505.70001220703125,512.2999877929688,487.79998779296875,490.8500061035156,490.8500061035156,889638
2022-11-28,491.3999938964844,506.1000061035156,487.1000061035156,495.95001220703125,495.95001220703125,1496312
2022-11-29,495.0,500.8500061035156,480.0,482.5,482.5,947638
2022-11-30,484.45001220703125,514.6500244140625,480.6000061035156,511.3500061035156,511.3500061035156,2978287
2022-12-01,513.9500122070312,520.0,496.5,502.0,502.0,1184347
2022-12-02,504.54998779296875,518.9000244140625,502.0,516.0499877929688,516.0499877929688,1072119
2022-12-05,516.9500122070312,535.7999877929688,511.8500061035156,515.3499755859375,515.3499755859375,1596647
2022-12-06,513.0,522.9500122070312,509.3500061035156,518.2999877929688,518.2999877929688,873305
2022-12-07,517.7000122070312,530.0,514.25,523.25,523.25,1023066
2022-12-08,523.1500244140625,549.7999877929688,519.0999755859375,544.9000244140625,544.9000244140625,2819086
2022-12-09,546.2000122070312,556.7999877929688,525.0999755859375,536.7000122070312,536.7000122070312,2164257
2022-12-12,533.8499755859375,543.0,526.5,537.0999755859375,537.0999755859375,785459
2022-12-13,540.0,547.7000122070312,531.6500244140625,536.5999755859375,536.5999755859375,958844
2022-12-14,538.75,541.2000122070312,521.0,523.2999877929688,523.2999877929688,533245
2022-12-15,524.9500122070312,526.75,499.20001220703125,505.5,505.5,913948
2022-12-16,505.5,511.04998779296875,480.0,483.45001220703125,483.45001220703125,710058
2022-12-19,485.3999938964844,506.8500061035156,481.95001220703125,502.8999938964844,502.8999938964844,707605
2022-12-20,501.5,522.0,491.75,518.3499755859375,518.3499755859375,1410787
2022-12-21,521.5,524.1500244140625,481.1000061035156,485.25,485.25,784306
2022-12-22,487.95001220703125,490.1000061035156,442.0,446.70001220703125,446.70001220703125,1370357
2022-12-23,442.29998779296875,442.29998779296875,392.5,399.20001220703125,399.20001220703125,1580526
2022-12-26,395.0,462.04998779296875,395.0,454.6499938964844,454.6499938964844,2094812
2022-12-27,459.8999938964844,472.8999938964844,448.6000061035156,466.8500061035156,466.8500061035156,1267717
2022-12-28,465.0,467.54998779296875,451.54998779296875,455.1000061035156,455.1000061035156,469275
2022-12-29,456.0,483.1499938964844,448.75,477.45001220703125,477.45001220703125,873505
2022-12-30,483.0,494.75,480.0,484.70001220703125,484.70001220703125,594814
2023-01-02,487.0,488.29998779296875,474.20001220703125,480.3500061035156,480.3500061035156,414482
2023-01-03,480.3500061035156,502.8999938964844,479.70001220703125,492.5,492.5,1734999
2023-01-04,490.0,494.70001220703125,478.04998779296875,482.95001220703125,482.95001220703125,584288
2023-01-05,485.1000061035156,491.8999938964844,480.0,488.6000061035156,488.6000061035156,637510
2023-01-06,488.0,488.5,474.04998779296875,476.95001220703125,476.95001220703125,343974
2023-01-09,478.45001220703125,484.79998779296875,475.0,478.6000061035156,478.6000061035156,293235
2023-01-10,478.6000061035156,479.45001220703125,465.20001220703125,468.6499938964844,468.6499938964844,295395
2023-01-11,466.0,474.70001220703125,463.5,466.0,466.0,346976
2023-01-12,467.95001220703125,482.95001220703125,466.0,478.8999938964844,478.8999938964844,520188
2023-01-13,480.0,492.0,480.0,488.79998779296875,488.79998779296875,498543
2023-01-16,493.0,506.0,493.0,501.1000061035156,501.1000061035156,821324
2023-01-17,501.0,501.75,488.3500061035156,492.8999938964844,492.8999938964844,312117
2023-01-18,493.0,495.3999938964844,486.0,487.6000061035156,487.6000061035156,220085
2023-01-19,486.95001220703125,487.5,476.29998779296875,479.8999938964844,479.8999938964844,185737
2023-01-20,480.8999938964844,502.3999938964844,480.1000061035156,495.6000061035156,495.6000061035156,916168
2023-01-23,499.45001220703125,506.1000061035156,484.04998779296875,492.25,492.25,399180
2023-01-24,486.5,500.79998779296875,483.54998779296875,487.6499938964844,487.6499938964844,387119
2023-01-25,486.0,498.8999938964844,476.0,487.3999938964844,487.3999938964844,484355
2023-01-27,488.0,498.45001220703125,476.0,486.8999938964844,486.8999938964844,482475
2023-01-30,489.54998779296875,502.79998779296875,472.1000061035156,481.1000061035156,481.1000061035156,589948
2023-01-31,494.8999938964844,505.0,487.1499938964844,502.20001220703125,502.20001220703125,774968
2023-02-01,507.20001220703125,529.0999755859375,467.0,478.95001220703125,478.95001220703125,1319488
2023-02-02,480.95001220703125,512.0,478.29998779296875,493.54998779296875,493.54998779296875,702392
2023-02-03,494.5,499.20001220703125,477.6499938964844,481.8999938964844,481.8999938964844,374518
2023-02-06,481.8999938964844,491.8999938964844,475.29998779296875,480.5,480.5,359258
2023-02-07,480.5,496.29998779296875,480.45001220703125,493.04998779296875,493.04998779296875,324619
2023-02-08,492.1000061035156,494.20001220703125,480.29998779296875,482.3999938964844,482.3999938964844,165935
2023-02-09,485.20001220703125,487.20001220703125,474.1000061035156,478.1000061035156,478.1000061035156,172315
2023-02-10,478.8999938964844,490.8999938964844,471.0,477.1499938964844,477.1499938964844,349124
2023-02-13,477.0,480.0,433.0,442.3999938964844,442.3999938964844,788431
2023-02-14,444.75,455.8500061035156,442.3999938964844,449.75,449.75,331745
2023-02-15,448.54998779296875,452.6000061035156,442.29998779296875,445.8999938964844,445.8999938964844,249994
2023-02-16,449.70001220703125,455.0,440.0,447.6499938964844,447.6499938964844,719321
2023-02-17,444.04998779296875,451.6499938964844,442.20001220703125,446.54998779296875,446.54998779296875,246995
2023-02-20,442.5,451.79998779296875,439.04998779296875,447.8500061035156,447.8500061035156,197037
2023-02-21,447.45001220703125,449.75,434.04998779296875,436.6499938964844,436.6499938964844,152759
2023-02-22,431.95001220703125,432.0,417.0,419.3999938964844,419.3999938964844,318870
2023-02-23,420.95001220703125,427.3999938964844,412.79998779296875,418.54998779296875,418.54998779296875,243472
2023-02-24,420.1000061035156,435.79998779296875,420.1000061035156,423.20001220703125,423.20001220703125,349574
2023-02-27,420.0,428.79998779296875,406.6000061035156,411.0,411.0,306098
2023-02-28,413.0,416.0,400.5,412.6000061035156,412.6000061035156,404461
2023-03-01,413.79998779296875,440.8500061035156,413.29998779296875,436.70001220703125,436.70001220703125,691003
2023-03-02,438.29998779296875,449.25,436.0,439.6499938964844,439.6499938964844,359488
2023-03-03,441.0,441.95001220703125,433.70001220703125,438.29998779296875,438.29998779296875,266184
2023-03-06,440.5,447.0,435.5,438.29998779296875,438.29998779296875,229136
2023-03-08,437.79998779296875,444.5,429.1000061035156,434.45001220703125,434.45001220703125,276292
2023-03-09,435.1000061035156,439.1499938964844,428.70001220703125,430.5,430.5,108155
2023-03-10,426.20001220703125,429.8500061035156,419.0,425.1000061035156,425.1000061035156,189821
2023-03-13,417.1000061035156,427.0,407.0,409.45001220703125,409.45001220703125,205483
2023-03-14,409.04998779296875,419.5,404.3999938964844,407.6000061035156,407.6000061035156,199187
2023-03-15,411.79998779296875,417.1499938964844,404.0,404.75,404.75,115341
2023-03-16,405.95001220703125,411.5,398.29998779296875,407.1499938964844,407.1499938964844,236309
2023-03-17,412.0,420.1499938964844,412.0,418.3500061035156,418.3500061035156,153264
2023-03-20,420.0,428.45001220703125,411.0,419.79998779296875,419.79998779296875,263162
2023-03-21,420.70001220703125,430.0,415.8999938964844,426.70001220703125,426.70001220703125,169826
2023-03-22,428.8500061035156,431.79998779296875,423.0,425.6499938964844,425.6499938964844,100312
2023-03-23,422.0,429.6000061035156,418.3500061035156,421.70001220703125,421.70001220703125,198583
2023-03-24,420.0,423.54998779296875,408.75,410.8500061035156,410.8500061035156,84855
2023-03-27,412.3999938964844,416.0,400.1499938964844,405.79998779296875,405.79998779296875,144875
2023-03-28,405.5,412.95001220703125,399.8999938964844,400.5,400.5,154281
2023-03-29,402.0,439.95001220703125,401.79998779296875,435.3500061035156,435.3500061035156,475057
2023-03-31,466.0,474.0,452.29998779296875,455.3999938964844,455.3999938964844,1170320
2023-04-03,455.3999938964844,460.95001220703125,442.54998779296875,447.45001220703125,447.45001220703125,283420
2023-04-05,449.3999938964844,468.0,444.1000061035156,463.6499938964844,463.6499938964844,471091
2023-04-06,462.3999938964844,469.3500061035156,457.75,460.95001220703125,460.95001220703125,288351
2023-04-10,463.0,466.79998779296875,455.04998779296875,457.54998779296875,457.54998779296875,244209
2023-04-11,457.5,472.0,456.1499938964844,466.1000061035156,466.1000061035156,270504
2023-04-12,466.95001220703125,482.0,460.79998779296875,464.3500061035156,464.3500061035156,433822
2023-04-13,465.0,471.8999938964844,463.0,467.95001220703125,467.95001220703125,183959
2023-04-17,467.3999938964844,468.3999938964844,460.25,462.25,462.25,231367
2023-04-18,462.25,466.0,451.25,454.0,454.0,174021
2023-04-19,455.6499938964844,464.75,455.04998779296875,458.45001220703125,458.45001220703125,194285
2023-04-20,460.3500061035156,464.70001220703125,457.5,459.6000061035156,459.6000061035156,132388
2023-04-21,462.0,462.0,447.0,454.3999938964844,454.3999938964844,251850
