Date,Open,High,Low,Close,Adj Close,Volume
2016-11-30,11.0,11.0,11.0,11.0,10.50389289855957,1
2016-12-01,11.0,11.0,11.0,11.0,10.50389289855957,0
2016-12-02,11.0,11.0,11.0,11.0,10.50389289855957,0
2016-12-05,11.0,11.0,11.0,11.0,10.50389289855957,0
2016-12-06,11.550000190734863,11.550000190734863,11.550000190734863,11.550000190734863,11.029086112976074,1000
2016-12-07,11.550000190734863,11.550000190734863,11.550000190734863,11.550000190734863,11.029086112976074,0
2016-12-08,11.550000190734863,11.550000190734863,11.550000190734863,11.550000190734863,11.029086112976074,0
2016-12-09,11.550000190734863,11.550000190734863,11.550000190734863,11.550000190734863,11.029086112976074,0
2016-12-12,11.550000190734863,11.550000190734863,11.550000190734863,11.550000190734863,11.029086112976074,0
2016-12-13,11.550000190734863,11.550000190734863,11.550000190734863,11.550000190734863,11.029086112976074,0
2016-12-14,11.550000190734863,11.550000190734863,11.550000190734863,11.550000190734863,11.029086112976074,0
2016-12-15,11.550000190734863,11.550000190734863,11.550000190734863,11.550000190734863,11.029086112976074,0
2016-12-16,11.550000190734863,11.550000190734863,11.550000190734863,11.550000190734863,11.029086112976074,0
2016-12-19,11.550000190734863,11.550000190734863,11.550000190734863,11.550000190734863,11.029086112976074,0
2016-12-20,11.550000190734863,11.550000190734863,11.550000190734863,11.550000190734863,11.029086112976074,0
2016-12-21,11.550000190734863,11.550000190734863,11.550000190734863,11.550000190734863,11.029086112976074,0
2016-12-22,11.550000190734863,11.550000190734863,11.550000190734863,11.550000190734863,11.029086112976074,0
2016-12-23,11.550000190734863,11.550000190734863,11.550000190734863,11.550000190734863,11.029086112976074,0
2016-12-26,11.550000190734863,11.550000190734863,11.550000190734863,11.550000190734863,11.029086112976074,0
2016-12-27,11.550000190734863,11.550000190734863,11.550000190734863,11.550000190734863,11.029086112976074,0
2016-12-28,11.550000190734863,11.550000190734863,11.550000190734863,11.550000190734863,11.029086112976074,0
2016-12-29,11.550000190734863,11.550000190734863,11.550000190734863,11.550000190734863,11.029086112976074,0
2016-12-30,11.550000190734863,11.550000190734863,11.550000190734863,11.550000190734863,11.029086112976074,0
2017-01-02,11.550000190734863,11.550000190734863,11.550000190734863,11.550000190734863,11.029086112976074,0
2017-01-03,11.550000190734863,11.550000190734863,11.550000190734863,11.550000190734863,11.029086112976074,0
2017-01-04,11.550000190734863,11.550000190734863,11.550000190734863,11.550000190734863,11.029086112976074,0
2017-01-05,11.550000190734863,11.550000190734863,11.550000190734863,11.550000190734863,11.029086112976074,0
2017-01-06,11.550000190734863,11.550000190734863,11.550000190734863,11.550000190734863,11.029086112976074,0
2017-01-09,11.550000190734863,11.550000190734863,11.550000190734863,11.550000190734863,11.029086112976074,0
2017-01-10,11.550000190734863,11.550000190734863,11.550000190734863,11.550000190734863,11.029086112976074,0
2017-01-11,11.550000190734863,11.550000190734863,11.550000190734863,11.550000190734863,11.029086112976074,0
2017-01-12,11.550000190734863,11.550000190734863,11.550000190734863,11.550000190734863,11.029086112976074,0
2017-01-13,11.550000190734863,11.550000190734863,11.550000190734863,11.550000190734863,11.029086112976074,0
2017-01-16,11.550000190734863,11.550000190734863,11.550000190734863,11.550000190734863,11.029086112976074,0
2017-01-17,11.550000190734863,11.550000190734863,11.550000190734863,11.550000190734863,11.029086112976074,0
2017-01-18,11.550000190734863,11.550000190734863,11.550000190734863,11.550000190734863,11.029086112976074,0
2017-01-19,11.550000190734863,11.550000190734863,11.550000190734863,11.550000190734863,11.029086112976074,0
2017-01-20,11.550000190734863,11.550000190734863,11.550000190734863,11.550000190734863,11.029086112976074,0
2017-01-23,11.550000190734863,11.550000190734863,11.550000190734863,11.550000190734863,11.029086112976074,0
2017-01-24,11.550000190734863,11.550000190734863,11.550000190734863,11.550000190734863,11.029086112976074,0
2017-01-25,11.550000190734863,11.550000190734863,11.550000190734863,11.550000190734863,11.029086112976074,0
2017-01-27,11.550000190734863,11.550000190734863,11.550000190734863,11.550000190734863,11.029086112976074,0
2017-01-30,11.550000190734863,11.550000190734863,11.550000190734863,11.550000190734863,11.029086112976074,0
2017-01-31,11.550000190734863,11.550000190734863,11.550000190734863,11.550000190734863,11.029086112976074,0
2017-02-01,11.550000190734863,11.550000190734863,11.550000190734863,11.550000190734863,11.029086112976074,0
2017-02-02,11.550000190734863,11.550000190734863,11.550000190734863,11.550000190734863,11.029086112976074,0
2017-02-03,11.550000190734863,11.550000190734863,11.550000190734863,11.550000190734863,11.029086112976074,0
2017-02-06,11.550000190734863,11.550000190734863,11.550000190734863,11.550000190734863,11.135137557983398,0
2017-02-07,11.550000190734863,11.550000190734863,11.550000190734863,11.550000190734863,11.135137557983398,0
2017-02-08,11.550000190734863,11.550000190734863,11.550000190734863,11.550000190734863,11.135137557983398,0
2017-02-09,12.0,12.0,12.0,12.0,11.56897258758545,5
2017-02-10,12.0,12.0,12.0,12.0,11.56897258758545,0
2017-02-13,12.0,12.0,12.0,12.0,11.56897258758545,0
2017-02-14,12.0,12.0,12.0,12.0,11.56897258758545,0
2017-02-15,12.0,12.0,12.0,12.0,11.56897258758545,0
2017-02-16,12.0,12.0,12.0,12.0,11.56897258758545,0
2017-02-17,12.0,12.0,12.0,12.0,11.56897258758545,0
2017-02-20,12.0,12.0,12.0,12.0,11.56897258758545,0
2017-02-21,12.0,12.0,12.0,12.0,11.56897258758545,0
2017-02-22,12.0,12.0,12.0,12.0,11.56897258758545,0
2017-02-23,12.0,12.0,12.0,12.0,11.56897258758545,0
2017-02-27,12.0,12.0,12.0,12.0,11.56897258758545,0
2017-02-28,12.0,12.0,12.0,12.0,11.56897258758545,0
2017-03-01,12.600000381469727,12.600000381469727,12.600000381469727,12.600000381469727,12.147421836853027,25
2017-03-02,12.600000381469727,12.600000381469727,12.600000381469727,12.600000381469727,12.147421836853027,0
2017-03-03,12.600000381469727,12.600000381469727,12.600000381469727,12.600000381469727,12.147421836853027,0
2017-03-06,12.600000381469727,12.600000381469727,12.600000381469727,12.600000381469727,12.147421836853027,0
2017-03-07,12.600000381469727,12.600000381469727,12.600000381469727,12.600000381469727,12.147421836853027,0
2017-03-08,12.600000381469727,12.600000381469727,12.600000381469727,12.600000381469727,12.147421836853027,0
2017-03-09,12.600000381469727,12.600000381469727,12.600000381469727,12.600000381469727,12.147421836853027,0
2017-03-10,12.600000381469727,12.600000381469727,12.600000381469727,12.600000381469727,12.147421836853027,0
2017-03-14,12.600000381469727,12.600000381469727,12.600000381469727,12.600000381469727,12.147421836853027,0
2017-03-15,12.600000381469727,12.600000381469727,12.600000381469727,12.600000381469727,12.147421836853027,0
2017-03-16,13.199999809265137,13.199999809265137,13.199999809265137,13.199999809265137,12.725868225097656,25
2017-03-17,13.199999809265137,13.199999809265137,13.199999809265137,13.199999809265137,12.725868225097656,0
2017-03-20,13.199999809265137,13.199999809265137,13.199999809265137,13.199999809265137,12.725868225097656,0
2017-03-21,13.199999809265137,13.199999809265137,13.199999809265137,13.199999809265137,12.725868225097656,0
2017-03-22,13.199999809265137,13.199999809265137,13.199999809265137,13.199999809265137,12.725868225097656,0
2017-03-23,13.199999809265137,13.199999809265137,13.199999809265137,13.199999809265137,12.725868225097656,0
2017-03-24,13.199999809265137,13.199999809265137,13.199999809265137,13.199999809265137,12.725868225097656,0
2017-03-27,13.850000381469727,13.850000381469727,13.850000381469727,13.850000381469727,13.352522850036621,50
2017-03-28,13.850000381469727,13.850000381469727,13.850000381469727,13.850000381469727,13.352522850036621,0
2017-03-29,13.850000381469727,13.850000381469727,13.850000381469727,13.850000381469727,13.352522850036621,0
2017-03-30,13.850000381469727,13.850000381469727,13.850000381469727,13.850000381469727,13.352522850036621,0
2017-03-31,14.5,14.5,14.5,14.5,13.979175567626953,131700
2017-04-03,15.199999809265137,15.199999809265137,15.199999809265137,15.199999809265137,14.654031753540039,1
2017-04-05,15.199999809265137,15.199999809265137,15.199999809265137,15.199999809265137,14.654031753540039,0
2017-04-06,15.199999809265137,15.199999809265137,15.199999809265137,15.199999809265137,14.654031753540039,0
2017-04-07,15.199999809265137,15.199999809265137,15.199999809265137,15.199999809265137,14.654031753540039,0
2017-04-10,15.199999809265137,15.199999809265137,15.199999809265137,15.199999809265137,14.654031753540039,0
2017-04-11,15.949999809265137,15.949999809265137,15.949999809265137,15.949999809265137,15.377093315124512,1
2017-04-12,15.949999809265137,15.949999809265137,15.949999809265137,15.949999809265137,15.377093315124512,0
2017-04-13,16.700000762939453,16.700000762939453,16.700000762939453,16.700000762939453,16.100156784057617,2
2017-04-17,16.700000762939453,16.700000762939453,16.700000762939453,16.700000762939453,16.100156784057617,0
2017-04-18,17.5,17.5,17.5,17.5,16.87141990661621,2
2017-04-19,17.5,17.5,17.5,17.5,16.87141990661621,0
2017-04-20,18.350000381469727,18.350000381469727,18.350000381469727,18.350000381469727,17.690887451171875,3
2017-04-21,19.25,19.25,19.25,19.25,18.558561325073242,2
2017-04-24,20.200000762939453,20.200000762939453,20.200000762939453,20.200000762939453,19.474437713623047,75
2017-04-25,20.200000762939453,20.200000762939453,20.200000762939453,20.200000762939453,19.474437713623047,0
2017-04-26,21.200000762939453,21.200000762939453,21.200000762939453,21.200000762939453,20.438518524169922,2001
2017-04-27,22.25,22.25,22.25,22.25,21.450803756713867,100
2017-04-28,23.350000381469727,23.350000381469727,23.350000381469727,23.350000381469727,22.511293411254883,21000
2017-05-02,24.5,24.5,24.5,24.5,23.619985580444336,3
2017-05-03,25.700000762939453,25.700000762939453,25.700000762939453,25.700000762939453,24.776885986328125,2
2017-05-04,25.700000762939453,25.700000762939453,25.700000762939453,25.700000762939453,24.776885986328125,0
2017-05-05,26.950000762939453,26.950000762939453,26.950000762939453,26.950000762939453,25.981985092163086,2
2017-05-08,26.950000762939453,26.950000762939453,26.950000762939453,26.950000762939453,25.981985092163086,0
2017-05-09,28.25,28.25,28.25,28.25,27.23529052734375,2
2017-05-10,28.25,28.25,28.25,28.25,27.23529052734375,0
2017-05-11,28.25,28.25,28.25,28.25,27.23529052734375,0
2017-05-12,29.649999618530273,29.649999618530273,29.649999618530273,29.649999618530273,28.585002899169922,5
2017-05-15,29.649999618530273,29.649999618530273,29.649999618530273,29.649999618530273,28.585002899169922,0
2017-05-16,29.649999618530273,29.649999618530273,29.649999618530273,29.649999618530273,28.585002899169922,0
2017-05-17,29.649999618530273,29.649999618530273,29.649999618530273,29.649999618530273,28.585002899169922,0
2017-05-18,31.100000381469727,31.100000381469727,31.100000381469727,31.100000381469727,29.982919692993164,1
2017-05-19,32.650001525878906,32.650001525878906,32.650001525878906,32.650001525878906,31.47724723815918,10
2017-05-22,34.25,34.25,34.25,34.25,33.019779205322266,1
2017-05-23,35.95000076293945,35.95000076293945,35.95000076293945,35.95000076293945,34.65871810913086,1
2017-05-24,37.70000076293945,37.70000076293945,37.70000076293945,37.70000076293945,36.34585952758789,100
2017-05-25,39.54999923706055,39.54999923706055,39.54999923706055,39.54999923706055,38.1294059753418,1
2017-05-26,41.5,41.5,41.5,41.5,40.009368896484375,1
2017-05-29,43.54999923706055,43.54999923706055,43.54999923706055,43.54999923706055,41.98572540283203,1545
2017-05-30,45.70000076293945,45.70000076293945,45.70000076293945,45.70000076293945,44.058509826660156,53223
2017-05-31,47.95000076293945,47.95000076293945,47.95000076293945,47.95000076293945,46.22768783569336,1
2017-06-01,50.29999923706055,50.29999923706055,50.29999923706055,50.29999923706055,48.493282318115234,5002
2017-06-02,52.79999923706055,52.79999923706055,52.79999923706055,52.79999923706055,50.903472900390625,1
2017-06-05,55.400001525878906,55.400001525878906,55.400001525878906,55.400001525878906,53.410091400146484,1
2017-06-06,58.150001525878906,58.150001525878906,58.150001525878906,58.150001525878906,56.06132125854492,1
2017-06-07,61.04999923706055,61.04999923706055,61.04999923706055,61.04999923706055,58.857154846191406,1
2017-06-08,64.0999984741211,64.0999984741211,64.0999984741211,64.0999984741211,61.79759216308594,2503
2017-06-09,67.30000305175781,67.30000305175781,67.30000305175781,67.30000305175781,64.88265991210938,100
2017-06-12,70.6500015258789,70.6500015258789,70.6500015258789,70.6500015258789,68.11233520507812,5258
2017-06-13,74.1500015258789,74.1500015258789,74.1500015258789,74.1500015258789,71.48661804199219,1
2017-06-14,77.8499984741211,77.8499984741211,77.8499984741211,77.8499984741211,75.0537109375,5350
2017-06-15,81.69999694824219,81.69999694824219,81.69999694824219,81.69999694824219,78.76541900634766,1
2017-06-16,85.75,85.75,85.75,85.75,82.6699447631836,1250
2017-06-19,90.0,90.0,81.5,90.0,86.76728820800781,144872
2017-06-20,94.5,94.5,88.0999984741211,94.5,91.10566711425781,35598
2017-06-21,99.19999694824219,99.19999694824219,99.19999694824219,99.19999694824219,95.6368408203125,19612
2017-06-22,104.1500015258789,104.1500015258789,99.55000305175781,104.1500015258789,100.40904998779297,46961
2017-06-23,109.3499984741211,109.3499984741211,99.0,99.5999984741211,96.02247619628906,67971
2017-06-27,95.5999984741211,103.80000305175781,94.6500015258789,94.6500015258789,91.25028991699219,8390
2017-06-28,89.94999694824219,89.94999694824219,89.94999694824219,89.94999694824219,86.71908569335938,6648
2017-06-29,85.5,89.5,85.5,85.5,82.4289321899414,21685
2017-06-30,81.25,81.25,81.25,81.25,78.33158111572266,4048
2017-07-03,77.19999694824219,85.30000305175781,77.19999694824219,85.0,81.94688415527344,31570
2017-07-04,85.19999694824219,89.25,85.19999694824219,88.5,85.32117462158203,32497
2017-07-05,92.8499984741211,92.8499984741211,84.0999984741211,88.4000015258789,85.2247543334961,15954
2017-07-06,92.44999694824219,92.44999694824219,85.25,89.4000015258789,86.18885803222656,19048
2017-07-07,86.3499984741211,90.4000015258789,86.3499984741211,86.5999984741211,83.48942565917969,18930
2017-07-10,85.0,89.5,82.5,84.55000305175781,81.51305389404297,2813
2017-07-11,85.4000015258789,87.9000015258789,80.3499984741211,81.0999984741211,78.18696594238281,29060
2017-07-12,80.0,82.4000015258789,77.4000015258789,77.80000305175781,75.00550842285156,12230
2017-07-13,74.5,79.8499984741211,74.1500015258789,78.8499984741211,76.01779174804688,9228
2017-07-14,78.0,82.0,75.75,77.8499984741211,75.0537109375,4234
2017-07-17,79.0999984741211,80.4000015258789,78.0999984741211,79.0999984741211,76.2588119506836,12517
2017-07-18,81.94999694824219,82.69999694824219,75.1500015258789,75.4000015258789,72.69171905517578,15466
2017-07-19,78.80000305175781,78.80000305175781,71.6500015258789,72.69999694824219,70.08869934082031,12875
2017-07-20,75.30000305175781,75.30000305175781,72.0,72.5,69.8958740234375,6210
2017-07-21,72.5,74.0,69.5999984741211,73.80000305175781,71.14917755126953,3457
2017-07-24,76.5,76.5,72.55000305175781,75.30000305175781,72.59530639648438,4023
2017-07-25,73.30000305175781,74.8499984741211,72.80000305175781,73.55000305175781,70.90816497802734,1152
2017-07-26,74.94999694824219,74.94999694824219,71.5999984741211,72.05000305175781,69.46204376220703,813
2017-07-27,72.0999984741211,73.94999694824219,70.1500015258789,72.30000305175781,69.70306396484375,1367
2017-07-28,72.30000305175781,73.9000015258789,70.5,71.3499984741211,68.78717803955078,767
2017-07-31,70.30000305175781,73.94999694824219,69.0,71.5,68.93179321289062,755
2017-08-01,72.0,73.0,72.0,73.0,70.3779067993164,1448
2017-08-02,75.0,75.0,71.1500015258789,71.75,69.17281341552734,1683
2017-08-03,72.0,75.25,72.0,72.5999984741211,69.9922866821289,1659
2017-08-04,70.8499984741211,76.19999694824219,70.8499984741211,76.19999694824219,73.46296691894531,7888
2017-08-07,77.80000305175781,77.9000015258789,74.0,77.8499984741211,75.0537109375,7312
2017-08-08,75.05000305175781,77.9000015258789,75.0,75.0,72.30607604980469,2649
2017-08-09,75.0,77.9000015258789,74.30000305175781,76.30000305175781,73.55939483642578,3988
2017-08-10,74.0,74.19999694824219,69.0,71.9000015258789,69.31743621826172,2157
2017-08-11,70.0,77.9000015258789,68.30000305175781,71.94999694824219,69.36563873291016,2560
2017-08-14,76.75,76.75,72.0999984741211,74.9000015258789,72.20967102050781,2624
2017-08-16,77.44999694824219,77.44999694824219,68.0,73.75,71.1009750366211,1774
2017-08-17,76.44999694824219,76.44999694824219,70.75,76.19999694824219,73.46296691894531,1223
2017-08-18,72.1500015258789,79.5,72.1500015258789,76.69999694824219,73.94501495361328,7277
2017-08-21,81.75,84.3499984741211,75.19999694824219,81.9000015258789,78.95823669433594,15753
2017-08-22,84.6500015258789,89.94999694824219,83.5999984741211,85.4000015258789,82.33251190185547,49082
2017-08-23,86.05000305175781,90.9000015258789,86.05000305175781,89.75,86.79051208496094,29545
2017-08-24,94.5,98.0,91.0,93.9000015258789,90.80366516113281,33233
2017-08-28,103.0,103.25,97.9000015258789,100.0,96.70250701904297,111804
2017-08-29,101.5,105.0,99.25,105.0,101.53764343261719,28117
2017-08-30,110.25,110.25,106.0,110.25,106.61453247070312,128440
2017-08-31,115.75,115.75,115.75,115.75,111.93315887451172,16128
2017-09-01,121.5,121.5,121.5,121.5,117.4935531616211,12948
2017-09-04,127.55000305175781,127.55000305175781,127.55000305175781,127.55000305175781,123.34406280517578,38218
2017-09-05,133.89999389648438,133.89999389648438,133.89999389648438,133.89999389648438,129.4846649169922,13223
2017-09-06,140.5500030517578,140.5500030517578,131.3000030517578,140.5500030517578,135.91539001464844,299627
2017-09-07,147.5500030517578,147.5500030517578,145.64999389648438,147.5500030517578,142.68455505371094,85277
2017-09-08,154.89999389648438,154.89999389648438,154.89999389648438,154.89999389648438,149.79217529296875,34076
2017-09-11,162.60000610351562,162.60000610351562,162.60000610351562,162.60000610351562,157.23828125,12774
2017-09-12,170.6999969482422,170.6999969482422,170.6999969482422,170.6999969482422,165.07119750976562,14898
2017-09-13,179.1999969482422,179.1999969482422,175.0,179.1999969482422,173.2908935546875,121657
2017-09-14,188.14999389648438,188.14999389648438,188.14999389648438,188.14999389648438,181.94580078125,12757
2017-09-15,197.5500030517578,197.5500030517578,197.5500030517578,197.5500030517578,191.03582763671875,13396
2017-09-18,207.39999389648438,207.39999389648438,207.39999389648438,207.39999389648438,200.56100463867188,15307
2017-09-19,217.75,217.75,217.75,217.75,210.56971740722656,17545
2017-09-20,219.0,228.60000610351562,206.89999389648438,224.4499969482422,217.04879760742188,453243
2017-09-21,228.0,228.0,213.25,213.25,206.21812438964844,37758
2017-09-22,202.60000610351562,202.60000610351562,202.60000610351562,202.60000610351562,195.9193115234375,10725
2017-09-25,192.5,192.5,192.5,192.5,186.15232849121094,2594
2017-09-26,183.0,202.10000610351562,182.89999389648438,183.6999969482422,177.64251708984375,472415
2017-09-27,179.0,188.75,174.5500030517578,174.5500030517578,168.7942352294922,40458
2017-09-28,165.85000610351562,165.85000610351562,165.85000610351562,165.85000610351562,160.3811492919922,3104
2017-09-29,158.10000610351562,172.9499969482422,157.60000610351562,158.5500030517578,153.3218536376953,122854
2017-10-03,152.0,166.39999389648438,152.0,160.10000610351562,154.82073974609375,34955
2017-10-04,163.6999969482422,168.10000610351562,160.39999389648438,168.10000610351562,162.55694580078125,10568
2017-10-05,176.5,176.5,176.5,176.5,170.67994689941406,6251
2017-10-06,185.3000030517578,185.3000030517578,185.3000030517578,185.3000030517578,179.1897735595703,5663
2017-10-09,203.8000030517578,203.8000030517578,203.8000030517578,203.8000030517578,197.07972717285156,3725
2017-10-10,224.14999389648438,224.14999389648438,211.0,224.14999389648438,216.75868225097656,131581
2017-10-11,240.0,240.0,204.0,220.89999389648438,213.61585998535156,107533
2017-10-12,221.0,226.0,211.0,214.8000030517578,207.71701049804688,26095
2017-10-13,225.0,228.0,211.1999969482422,214.75,207.6686553955078,34539
2017-10-16,220.0,221.9499969482422,212.0500030517578,217.35000610351562,210.18292236328125,12863
2017-10-17,219.89999389648438,226.0,210.35000610351562,221.6999969482422,214.38946533203125,23023
2017-10-18,224.9499969482422,243.85000610351562,220.0500030517578,243.85000610351562,235.80909729003906,68576
2017-10-19,258.0,268.20001220703125,250.0,268.20001220703125,259.3561706542969,46942
2017-10-23,275.0,281.6000061035156,271.0,281.6000061035156,272.31427001953125,42582
2017-10-24,295.6499938964844,295.6499938964844,295.6499938964844,295.6499938964844,285.9009704589844,17810
2017-10-25,310.0,310.0,280.8999938964844,280.8999938964844,271.6373596191406,135817
2017-10-26,266.8999938964844,266.8999938964844,266.8999938964844,266.8999938964844,258.0989990234375,11273
2017-10-27,253.60000610351562,280.20001220703125,253.60000610351562,280.20001220703125,270.9604797363281,54436
2017-10-30,286.0,294.20001220703125,285.0,294.20001220703125,284.4988098144531,14138
2017-10-31,308.8999938964844,308.8999938964844,300.0,308.8999938964844,298.714111328125,63765
2017-11-01,324.29998779296875,324.29998779296875,324.29998779296875,324.29998779296875,313.60626220703125,3514
2017-11-02,340.5,340.5,340.5,340.5,329.2720947265625,6171
2017-11-03,357.5,357.5,323.5,357.5,345.7115173339844,134944
2017-11-06,369.0,375.3500061035156,365.0,375.3500061035156,362.9729309082031,17161
2017-11-07,394.1000061035156,394.1000061035156,381.0,394.1000061035156,381.1046447753906,199912
2017-11-08,413.0,413.79998779296875,412.6000061035156,413.79998779296875,400.1549987792969,19007
2017-11-09,434.45001220703125,434.45001220703125,434.45001220703125,434.45001220703125,420.12408447265625,3079
2017-11-10,456.1499938964844,456.1499938964844,444.45001220703125,456.1499938964844,441.1085205078125,57078
2017-11-13,478.95001220703125,478.95001220703125,478.95001220703125,478.95001220703125,463.1567077636719,14332
2017-11-14,502.8500061035156,502.8500061035156,455.04998779296875,461.1499938964844,445.9436340332031,517308
2017-11-15,442.0,442.5,438.1000061035156,438.1000061035156,423.6537170410156,20163
2017-11-16,416.20001220703125,460.0,416.20001220703125,460.0,444.8315734863281,193249
2017-11-17,483.0,483.0,470.1000061035156,482.45001220703125,466.54132080078125,145949
2017-11-20,495.95001220703125,499.75,458.3500061035156,459.95001220703125,444.78326416015625,136071
2017-11-21,463.0,463.0,437.0,437.0,422.5899963378906,55945
2017-11-22,435.0,454.8999938964844,415.1499938964844,443.70001220703125,429.069091796875,160602
2017-11-23,441.8999938964844,442.29998779296875,421.54998779296875,421.79998779296875,407.8912048339844,64537
2017-11-24,422.04998779296875,431.79998779296875,401.0,403.3500061035156,390.0495910644531,53195
2017-11-27,400.3500061035156,423.5,387.0,423.5,409.5351867675781,45089
2017-11-28,444.6499938964844,444.6499938964844,425.25,444.1000061035156,429.4559020996094,168367
2017-11-29,442.79998779296875,449.95001220703125,425.54998779296875,429.6000061035156,415.43402099609375,60258
2017-11-30,436.0,436.0,408.1499938964844,409.70001220703125,396.1902160644531,50965
2017-12-01,409.0,426.95001220703125,400.0,416.6000061035156,402.8627014160156,59600
2017-12-04,425.0,429.29998779296875,400.0,411.75,398.172607421875,35422
2017-12-05,412.95001220703125,414.3500061035156,396.0,402.6499938964844,389.3726806640625,33548
2017-12-06,400.04998779296875,410.0,382.54998779296875,386.3500061035156,373.6101989746094,40228
2017-12-07,391.0,410.0,386.0,399.0,385.843017578125,52464
2017-12-08,399.0,408.70001220703125,386.04998779296875,390.20001220703125,377.33319091796875,43507
2017-12-11,403.0,403.0,380.1499938964844,384.3999938964844,371.7244873046875,28917
2017-12-12,386.0,392.1000061035156,373.0,375.95001220703125,363.5531311035156,31506
2017-12-13,376.0,378.95001220703125,341.54998779296875,351.75,340.1510925292969,37419
2017-12-14,352.79998779296875,358.95001220703125,319.0,324.25,313.5578918457031,90814
2017-12-15,335.0,349.6000061035156,332.1000061035156,344.1000061035156,332.7533874511719,65870
2017-12-18,350.0,358.79998779296875,310.0,346.8999938964844,335.4610290527344,54657
2017-12-19,354.6000061035156,354.6000061035156,316.6000061035156,335.8500061035156,324.775390625,36856
2017-12-20,335.20001220703125,369.3999938964844,327.1000061035156,369.3999938964844,357.2190856933594,72729
2017-12-21,383.0,406.29998779296875,382.70001220703125,406.29998779296875,392.90228271484375,222529
2017-12-22,445.0,445.0,410.1499938964844,417.54998779296875,403.7813720703125,212589
2017-12-26,426.95001220703125,444.3999938964844,398.25,402.6000061035156,389.3243408203125,75814
2017-12-27,393.29998779296875,425.0,371.0,377.1000061035156,364.66522216796875,105709
2017-12-28,374.79998779296875,399.0,372.0,381.75,369.1618347167969,56365
2017-12-29,387.6499938964844,394.0,371.1499938964844,374.6000061035156,362.2476501464844,48026
2018-01-01,375.1000061035156,412.04998779296875,375.1000061035156,387.75,374.9640197753906,279606
2018-01-02,391.79998779296875,404.0,375.20001220703125,383.1499938964844,370.51568603515625,49721
2018-01-03,383.20001220703125,399.70001220703125,383.20001220703125,386.45001220703125,373.7068786621094,48021
2018-01-04,385.04998779296875,394.70001220703125,377.95001220703125,381.45001220703125,368.8717346191406,35108
2018-01-05,385.0,388.20001220703125,373.0,378.6499938964844,366.1640930175781,23876
2018-01-08,400.0,402.0,382.5,385.8500061035156,373.126708984375,45906
2018-01-09,381.0,399.79998779296875,379.45001220703125,387.3999938964844,374.6255798339844,80149
2018-01-10,394.0,394.0,380.0,382.1000061035156,369.5003356933594,29478
2018-01-11,385.6499938964844,386.0,373.5,375.1499938964844,362.77947998046875,44730
2018-01-12,376.1000061035156,382.8999938964844,365.1000061035156,368.1499938964844,356.01031494140625,37795
2018-01-15,377.0,379.3999938964844,365.20001220703125,370.70001220703125,358.4762268066406,20235
2018-01-16,369.6499938964844,374.95001220703125,350.0,352.20001220703125,340.5863037109375,29863
2018-01-17,354.0,357.25,320.04998779296875,347.20001220703125,335.75115966796875,35414
2018-01-18,345.0,358.8999938964844,332.6000061035156,337.6499938964844,326.5160217285156,28584
2018-01-19,340.0,344.95001220703125,321.3500061035156,333.45001220703125,322.45458984375,23462
2018-01-22,339.8999938964844,344.0,331.0,339.3500061035156,328.1599426269531,21627
2018-01-23,331.04998779296875,338.70001220703125,319.0,324.8500061035156,314.13812255859375,26730
2018-01-24,325.0,328.95001220703125,309.0,312.5,302.19537353515625,31556
2018-01-25,307.6000061035156,343.75,302.0,343.75,332.4149169921875,70819
2018-01-29,359.0,369.0,324.0,334.3999938964844,323.37322998046875,147245
2018-01-30,340.0,343.79998779296875,320.1000061035156,325.1499938964844,314.42822265625,47520
2018-01-31,342.75,349.95001220703125,330.20001220703125,338.3999938964844,327.2413024902344,87623
2018-02-01,342.95001220703125,342.95001220703125,321.5,324.3999938964844,313.70294189453125,36332
2018-02-02,315.04998779296875,328.0,296.04998779296875,303.54998779296875,293.5404968261719,57324
2018-02-05,290.0,315.1499938964844,281.25,305.54998779296875,295.47454833984375,57999
2018-02-06,281.5,298.8999938964844,280.0,292.0,282.3713073730469,40715
2018-02-07,305.0,346.5,305.0,333.45001220703125,322.45458984375,145393
2018-02-08,350.0,352.95001220703125,329.0,335.0,323.9534606933594,74899
2018-02-09,318.25,335.0,315.0,329.45001220703125,318.5864562988281,38100
2018-02-12,334.04998779296875,340.0,325.0,329.1000061035156,318.2480163574219,36304
2018-02-14,329.1000061035156,334.0,318.04998779296875,320.8500061035156,310.27001953125,23954
2018-02-15,320.0,323.0,306.3999938964844,312.29998779296875,302.001953125,27379
2018-02-16,306.6499938964844,317.04998779296875,301.0,302.8500061035156,292.8636169433594,25342
2018-02-19,303.6499938964844,307.1000061035156,285.3500061035156,293.5,283.8218994140625,29271
2018-02-20,297.0,298.5,291.1000061035156,292.1000061035156,282.4680480957031,12380
2018-02-21,292.1000061035156,295.45001220703125,285.1000061035156,288.20001220703125,278.6966552734375,11338
2018-02-22,285.1000061035156,304.79998779296875,282.3500061035156,287.79998779296875,278.30987548828125,36023
2018-02-23,289.8999938964844,299.0,286.75,291.04998779296875,281.4526672363281,16944
2018-02-26,298.0,301.0,291.1499938964844,295.6000061035156,285.8526611328125,20588
2018-02-27,295.6000061035156,297.0,281.95001220703125,285.8999938964844,276.4725036621094,20797
2018-02-28,282.04998779296875,292.3999938964844,281.6000061035156,285.95001220703125,276.5208435058594,15276
2018-03-01,287.0,291.8500061035156,274.0,277.1499938964844,268.0110168457031,21157
2018-03-05,279.8999938964844,279.8999938964844,260.0,263.6499938964844,254.9561767578125,25466
2018-03-06,248.10000610351562,283.8999938964844,248.10000610351562,267.6000061035156,258.77593994140625,56752
2018-03-07,261.25,266.70001220703125,241.0,245.60000610351562,237.5013885498047,46003
2018-03-08,247.0,262.0,247.0,256.79998779296875,248.33204650878906,23132
2018-03-09,261.95001220703125,262.04998779296875,242.3000030517578,244.25,236.19590759277344,39628
2018-03-12,249.0,252.89999389648438,226.35000610351562,233.89999389648438,226.1871795654297,36645
2018-03-13,233.89999389648438,244.0,228.10000610351562,234.64999389648438,226.91244506835938,34859
2018-03-14,234.9499969482422,235.0,224.0,227.75,220.23997497558594,32440
2018-03-15,229.75,251.6999969482422,227.5500030517578,234.8000030517578,227.0574951171875,98188
2018-03-16,238.0,241.0,228.0,229.9499969482422,222.367431640625,42180
2018-03-19,233.9499969482422,233.9499969482422,208.0,212.60000610351562,205.58956909179688,44858
2018-03-20,212.6999969482422,212.6999969482422,200.0,201.5500030517578,194.9039306640625,38214
2018-03-21,203.9499969482422,241.85000610351562,201.10000610351562,229.89999389648438,222.31907653808594,475611
2018-03-22,229.0,234.39999389648438,212.10000610351562,213.39999389648438,206.36317443847656,88999
2018-03-23,201.0,229.0,201.0,221.5500030517578,214.2444305419922,155674
2018-03-26,222.9499969482422,229.8000030517578,214.0,216.8000030517578,209.90687561035156,73970
2018-03-27,218.0,234.0,217.0500030517578,219.8000030517578,212.81149291992188,92505
2018-03-28,216.10000610351562,225.0,213.0500030517578,220.5,213.48924255371094,89468
2018-04-02,225.0,231.0,210.0,225.0500030517578,217.89456176757812,102489
2018-04-03,223.0,270.04998779296875,223.0,269.04998779296875,260.49554443359375,372473
2018-04-04,281.0,316.70001220703125,271.0,282.6499938964844,273.6631164550781,892409
2018-04-05,294.0,308.0,283.25,297.3500061035156,287.8957824707031,276484
2018-04-06,299.0,305.0,289.3999938964844,291.45001220703125,282.18341064453125,87176
2018-04-09,294.0,309.6000061035156,291.20001220703125,297.45001220703125,287.9925842285156,152812
2018-04-10,300.0,303.95001220703125,290.0,292.8500061035156,283.53887939453125,52470
2018-04-11,296.0,298.5,282.20001220703125,284.6499938964844,275.59954833984375,63646
2018-04-12,288.79998779296875,288.79998779296875,267.0,269.70001220703125,261.12493896484375,115811
2018-04-13,277.0,277.0,254.75,257.25,249.07078552246094,69789
2018-04-16,248.6999969482422,294.0,248.6999969482422,268.75,260.20513916015625,384052
2018-04-17,272.79998779296875,284.0,267.3500061035156,274.95001220703125,266.2080078125,137997
2018-04-18,278.3500061035156,278.3500061035156,264.04998779296875,267.0,258.51080322265625,70779
2018-04-19,271.8999938964844,279.5,265.54998779296875,270.04998779296875,261.4637756347656,76842
2018-04-20,270.04998779296875,277.0,262.6499938964844,264.8999938964844,256.4775390625,40510
2018-04-23,269.70001220703125,269.70001220703125,252.75,256.70001220703125,248.5382537841797,44207
2018-04-24,257.0,263.25,255.0,257.04998779296875,248.8771209716797,39662
2018-04-25,258.0,262.6499938964844,248.64999389648438,251.0,243.0194854736328,25898
2018-04-26,254.0,254.60000610351562,244.0,245.8000030517578,237.9848175048828,33167
2018-04-27,244.0500030517578,249.85000610351562,236.14999389648438,239.85000610351562,232.2239990234375,22926
2018-04-30,240.0,242.3000030517578,229.0500030517578,233.5500030517578,226.1243133544922,35502
2018-05-02,235.0,260.0,230.6999969482422,238.1999969482422,230.62644958496094,98543
2018-05-03,237.0500030517578,242.4499969482422,233.39999389648438,239.0500030517578,231.4494171142578,40600
2018-05-04,240.0,243.89999389648438,233.0500030517578,234.64999389648438,227.18931579589844,25082
2018-05-07,238.0500030517578,239.9499969482422,233.0,234.85000610351562,227.38296508789062,21010
2018-05-08,235.0,237.89999389648438,230.10000610351562,231.60000610351562,224.23631286621094,26026
2018-05-09,231.1999969482422,235.9499969482422,231.0500030517578,232.0,224.6235809326172,15156
2018-05-10,234.0,236.0500030517578,223.0,224.85000610351562,217.70091247558594,20990
2018-05-11,229.89999389648438,229.89999389648438,216.39999389648438,217.64999389648438,210.72984313964844,26888
2018-05-14,224.0,224.0,215.0,216.60000610351562,209.71322631835938,20122
2018-05-15,221.6999969482422,252.8000030517578,215.0,219.89999389648438,212.90829467773438,406154
2018-05-16,221.0,231.1999969482422,211.10000610351562,224.75,217.6040802001953,95755
2018-05-17,227.39999389648438,234.89999389648438,225.0,229.35000610351562,222.05784606933594,82405
2018-05-18,233.0,233.0,217.6999969482422,219.6999969482422,212.7146453857422,34717
2018-05-21,219.6999969482422,231.0,214.39999389648438,219.0,212.0369110107422,50254
2018-05-22,219.9499969482422,227.5,216.3000030517578,219.89999389648438,212.90829467773438,59850
2018-05-23,221.39999389648438,224.0,215.10000610351562,215.8000030517578,208.9386749267578,36279
2018-05-24,218.39999389648438,219.64999389648438,205.0500030517578,208.39999389648438,201.77395629882812,44309
2018-05-25,212.0,220.9499969482422,206.3000030517578,213.4499969482422,206.6633758544922,55130
2018-05-28,219.5,219.5,204.0,214.14999389648438,207.34112548828125,39195
2018-05-29,217.89999389648438,228.0,214.0,219.39999389648438,212.42417907714844,62246
2018-05-30,218.9499969482422,219.0,213.5,215.89999389648438,209.0354766845703,25791
2018-05-31,218.0,221.0,211.10000610351562,212.9499969482422,206.1792755126953,20893
2018-06-01,215.0500030517578,215.0500030517578,206.0500030517578,207.1999969482422,200.61207580566406,20789
2018-06-04,208.89999389648438,210.0,193.0,194.14999389648438,187.9770050048828,32017
2018-06-05,195.0,195.0,171.5,176.1999969482422,170.59771728515625,53543
2018-06-06,176.1999969482422,184.39999389648438,175.3000030517578,182.5500030517578,176.745849609375,29244
2018-06-07,187.89999389648438,199.0,184.0,190.85000610351562,184.78195190429688,41423
2018-06-08,187.8000030517578,200.5500030517578,184.0,195.6999969482422,189.47772216796875,38300
2018-06-11,195.6999969482422,205.0,194.14999389648438,200.64999389648438,194.2703399658203,42729
2018-06-12,202.0,207.5,198.10000610351562,202.75,196.3035888671875,33161
2018-06-13,205.9499969482422,206.85000610351562,201.0,202.10000610351562,195.67425537109375,16839
2018-06-14,203.5,212.9499969482422,199.5,208.10000610351562,201.48348999023438,52633
2018-06-15,209.5,234.89999389648438,209.0,219.5,212.52101135253906,232631
2018-06-18,215.5500030517578,229.75,214.5,218.0,211.06871032714844,61900
2018-06-19,219.0500030517578,219.5500030517578,209.1999969482422,210.64999389648438,203.95240783691406,28587
2018-06-20,208.64999389648438,215.0,206.60000610351562,211.3000030517578,204.58172607421875,26420
2018-06-21,211.39999389648438,218.1999969482422,204.10000610351562,205.8000030517578,199.25662231445312,36025
2018-06-22,206.39999389648438,206.89999389648438,198.5,200.25,193.88307189941406,27529
2018-06-25,201.60000610351562,202.0,191.60000610351562,192.8000030517578,186.66993713378906,23883
2018-06-26,192.8000030517578,195.89999389648438,184.89999389648438,187.4499969482422,181.49005126953125,24313
2018-06-27,187.75,189.0,177.89999389648438,179.9499969482422,174.22850036621094,25728
2018-06-28,184.8000030517578,188.0,179.3000030517578,186.1999969482422,180.27978515625,33144
2018-06-29,187.1999969482422,194.0,185.3000030517578,188.39999389648438,182.4098358154297,22407
2018-07-02,190.14999389648438,199.8000030517578,188.10000610351562,191.9499969482422,185.8469696044922,21983
2018-07-03,194.0,194.0,187.0,189.39999389648438,183.37803649902344,11139
2018-07-04,193.0,193.0,187.1999969482422,187.64999389648438,181.68368530273438,7835
2018-07-05,189.14999389648438,189.89999389648438,180.0,180.9499969482422,175.19671630859375,9765
2018-07-06,181.4499969482422,186.0,181.4499969482422,183.6999969482422,177.85926818847656,13885
2018-07-09,184.35000610351562,192.0,182.60000610351562,190.6999969482422,184.63671875,18510
2018-07-10,192.0,198.0,191.0500030517578,193.25,187.10562133789062,23408
2018-07-11,193.0500030517578,197.0,191.5,191.9499969482422,185.8469696044922,11040
2018-07-12,194.0,196.0,191.0,192.60000610351562,186.47628784179688,15770
2018-07-13,195.0,195.0,183.0,185.4499969482422,179.5536346435547,9911
2018-07-16,186.10000610351562,186.9499969482422,180.0,180.60000610351562,174.85784912109375,11063
2018-07-17,184.9499969482422,185.0,179.10000610351562,180.89999389648438,175.14830017089844,8379
2018-07-18,182.10000610351562,182.39999389648438,170.0,172.25,166.77334594726562,11872
2018-07-19,174.0,174.85000610351562,162.25,163.60000610351562,158.3983612060547,19686
2018-07-20,164.0,168.3000030517578,158.4499969482422,164.25,159.02769470214844,21374
2018-07-23,160.60000610351562,167.0,160.60000610351562,165.5,160.2379608154297,8044
2018-07-24,177.0,187.89999389648438,170.0,183.4499969482422,177.61721801757812,50962
2018-07-25,186.5500030517578,189.0,183.0,185.60000610351562,179.69886779785156,15260
2018-07-26,187.0,194.6999969482422,183.10000610351562,188.10000610351562,182.11936950683594,27837
2018-07-27,189.89999389648438,193.0,185.6999969482422,187.5500030517578,181.5868682861328,25136
2018-07-30,187.85000610351562,194.0,187.85000610351562,189.4499969482422,183.42645263671875,29461
2018-07-31,192.0,193.85000610351562,175.10000610351562,176.14999389648438,170.54933166503906,51868
2018-08-01,175.64999389648438,184.0,168.75,170.3000030517578,164.88531494140625,62417
2018-08-02,171.0,176.8000030517578,168.0,169.5,164.1107635498047,42483
2018-08-03,173.39999389648438,175.0,169.3000030517578,170.14999389648438,164.74008178710938,37037
2018-08-06,170.6999969482422,174.5,169.5,170.64999389648438,165.2241668701172,27355
2018-08-07,170.9499969482422,172.9499969482422,165.4499969482422,167.0,161.6902618408203,15085
2018-08-08,168.5,175.0,167.3000030517578,168.75,163.38461303710938,29984
2018-08-09,169.0,172.5,166.0,167.14999389648438,161.83546447753906,17974
2018-08-10,168.0,169.4499969482422,162.10000610351562,165.60000610351562,160.33477783203125,13099
2018-08-13,167.35000610351562,168.0,162.39999389648438,163.89999389648438,158.6887969970703,8097
2018-08-14,163.0,168.0,162.10000610351562,163.35000610351562,158.15631103515625,15331
2018-08-16,165.0,166.0,160.0,161.5500030517578,156.4135284423828,13008
2018-08-17,162.89999389648438,193.85000610351562,160.9499969482422,178.0500030517578,172.38890075683594,434830
2018-08-20,178.0,187.0,178.0,180.10000610351562,174.37374877929688,77931
2018-08-21,181.9499969482422,183.0,171.14999389648438,172.64999389648438,167.16061401367188,46601
2018-08-23,171.9499969482422,175.0,167.1999969482422,169.35000610351562,164.71923828125,20995
2018-08-24,171.0,174.5,164.0,166.5,161.94717407226562,32874
2018-08-27,168.9499969482422,182.0,165.25,172.14999389648438,167.4426727294922,78417
2018-08-28,173.0500030517578,178.0,173.0500030517578,174.4499969482422,169.67977905273438,44560
2018-08-29,176.0,181.0,166.0,167.39999389648438,162.8225555419922,69450
2018-08-30,168.39999389648438,174.39999389648438,168.0,170.89999389648438,166.2268524169922,71238
2018-08-31,172.8000030517578,173.4499969482422,168.0,169.39999389648438,164.76788330078125,31361
2018-09-03,172.0,172.0,168.89999389648438,169.64999389648438,165.0110321044922,17814
2018-09-04,170.75,179.85000610351562,168.5500030517578,171.64999389648438,166.95632934570312,66742
2018-09-05,170.6999969482422,175.64999389648438,170.10000610351562,172.39999389648438,167.6858367919922,33394
2018-09-06,173.8000030517578,176.8000030517578,172.10000610351562,174.10000610351562,169.33935546875,19721
2018-09-07,174.10000610351562,182.0,172.0,177.60000610351562,172.74365234375,76084
2018-09-10,178.0,184.9499969482422,178.0,181.25,176.29383850097656,59657
2018-09-11,182.89999389648438,184.4499969482422,175.0,176.0500030517578,171.2360382080078,27851
2018-09-12,177.5,194.39999389648438,169.0,188.75,183.58877563476562,231169
2018-09-14,194.0,226.5,194.0,226.5,220.30650329589844,618350
2018-09-17,233.0,250.89999389648438,212.14999389648438,233.89999389648438,227.50416564941406,931432
2018-09-18,233.0,242.85000610351562,225.0,229.0,222.73817443847656,259738
2018-09-19,183.1999969482422,199.10000610351562,183.1999969482422,184.35000610351562,179.30908203125,504645
2018-09-21,184.0,188.0500030517578,168.10000610351562,170.10000610351562,165.44873046875,195227
2018-09-24,172.64999389648438,177.0,167.60000610351562,168.10000610351562,163.50341796875,99940
2018-09-25,168.39999389648438,169.89999389648438,167.10000610351562,167.6999969482422,163.1143341064453,112393
2018-09-26,168.14999389648438,169.8000030517578,167.0,167.6999969482422,163.1143341064453,73642
2018-09-27,168.89999389648438,169.1999969482422,167.1999969482422,167.4499969482422,162.87120056152344,35179
2018-09-28,169.39999389648438,169.39999389648438,155.14999389648438,157.6999969482422,153.38780212402344,79689
2018-10-01,163.89999389648438,163.89999389648438,153.10000610351562,155.10000610351562,150.85891723632812,32385
2018-10-03,155.35000610351562,162.10000610351562,153.3000030517578,159.5500030517578,155.1872100830078,28121
2018-10-04,157.60000610351562,159.89999389648438,153.0,157.4499969482422,153.14463806152344,19754
2018-10-05,155.0500030517578,160.0,153.10000610351562,154.5,150.27529907226562,16856
2018-10-08,157.0500030517578,157.0500030517578,149.0,151.0,146.8710174560547,19527
2018-10-09,151.25,161.0,147.0500030517578,153.6999969482422,149.4971923828125,34242
2018-10-10,159.89999389648438,159.89999389648438,151.35000610351562,158.14999389648438,153.82550048828125,27294
2018-10-11,154.0,157.0,152.0,155.14999389648438,150.90753173828125,10592
2018-10-12,155.60000610351562,169.8000030517578,155.60000610351562,160.85000610351562,156.45169067382812,55684
2018-10-15,160.85000610351562,160.85000610351562,156.5,158.5,154.16590881347656,21549
2018-10-16,159.60000610351562,165.0,157.14999389648438,162.64999389648438,158.20245361328125,23419
2018-10-17,164.0,164.10000610351562,157.10000610351562,158.3000030517578,153.97140502929688,17721
2018-10-19,157.9499969482422,159.89999389648438,154.35000610351562,156.3000030517578,152.02609252929688,12474
2018-10-22,159.89999389648438,159.89999389648438,155.14999389648438,156.89999389648438,152.60968017578125,15457
2018-10-23,155.1999969482422,158.89999389648438,153.3000030517578,156.1999969482422,151.92881774902344,9929
2018-10-24,159.60000610351562,159.60000610351562,154.14999389648438,156.5,152.2206268310547,9638
2018-10-25,155.0,157.9499969482422,154.0,156.0500030517578,151.78292846679688,7888
2018-10-26,157.85000610351562,158.0,152.1999969482422,153.5500030517578,149.3512725830078,15019
2018-10-29,156.9499969482422,157.14999389648438,154.14999389648438,155.60000610351562,151.34521484375,11349
2018-10-30,156.35000610351562,157.64999389648438,155.1999969482422,155.85000610351562,151.58839416503906,8724
2018-10-31,155.64999389648438,159.75,155.0,159.10000610351562,154.74952697753906,16988
2018-11-01,161.75,170.0,159.0,164.5,160.00184631347656,47261
2018-11-02,165.0,167.4499969482422,162.0,163.64999389648438,159.1750946044922,24819
2018-11-05,167.9499969482422,169.8000030517578,163.0500030517578,167.25,162.67666625976562,22340
2018-11-06,167.9499969482422,176.89999389648438,166.0500030517578,170.0500030517578,165.40011596679688,49991
2018-11-07,170.5500030517578,175.39999389648438,168.1999969482422,174.0,169.24208068847656,11528
2018-11-09,174.0,188.0,174.0,179.3000030517578,174.3971710205078,67512
2018-11-12,179.3000030517578,182.89999389648438,172.5,173.8000030517578,169.0475616455078,23699
2018-11-13,173.8000030517578,177.9499969482422,167.60000610351562,168.4499969482422,163.84384155273438,24796
2018-11-14,175.0,181.0,169.5,170.64999389648438,165.98370361328125,45992
2018-11-15,171.0,175.0,165.1999969482422,167.10000610351562,162.53077697753906,19598
2018-11-16,165.3000030517578,169.8000030517578,165.0,165.8000030517578,161.26634216308594,15512
2018-11-19,169.8000030517578,169.8000030517578,163.9499969482422,164.89999389648438,160.39089965820312,17085
2018-11-20,167.5,167.5,162.10000610351562,163.0,158.5428924560547,9465
2018-11-21,161.5,163.4499969482422,161.0500030517578,161.9499969482422,157.52159118652344,8610
2018-11-22,164.39999389648438,164.8000030517578,158.5,159.1999969482422,154.84678649902344,12341
2018-11-26,160.60000610351562,160.60000610351562,151.5500030517578,153.0500030517578,148.86495971679688,16929
2018-11-27,155.0,155.0,151.3000030517578,152.85000610351562,148.67042541503906,10106
2018-11-28,154.85000610351562,154.89999389648438,150.0,150.4499969482422,146.33604431152344,12470
2018-11-29,151.0500030517578,153.9499969482422,149.14999389648438,150.60000610351562,146.48196411132812,14610
2018-11-30,150.64999389648438,160.5,149.8000030517578,152.5,148.32998657226562,31433
2018-12-03,155.5,157.0,152.10000610351562,153.0,148.81631469726562,11978
2018-12-04,152.5500030517578,155.0,151.10000610351562,152.39999389648438,148.2327117919922,11986
2018-12-05,152.10000610351562,152.9499969482422,148.0500030517578,149.0,144.9257049560547,10266
2018-12-06,149.0500030517578,149.0500030517578,144.0,145.0,141.0350799560547,9828
2018-12-07,148.0,148.0,138.64999389648438,141.25,137.3876190185547,18136
2018-12-10,140.9499969482422,140.9499969482422,135.25,136.64999389648438,132.91339111328125,16215
2018-12-11,128.0,149.6999969482422,128.0,147.64999389648438,143.61260986328125,22977
2018-12-12,148.75,153.3000030517578,144.0500030517578,147.5500030517578,143.51535034179688,27435
2018-12-13,152.1999969482422,152.1999969482422,147.1999969482422,147.8000030517578,143.75852966308594,12952
2018-12-14,149.75,153.0,146.3000030517578,148.60000610351562,144.53665161132812,13884
2018-12-17,148.0500030517578,154.9499969482422,148.0,151.75,147.60049438476562,23876
2018-12-18,152.9499969482422,156.64999389648438,151.0500030517578,154.9499969482422,150.7130126953125,21456
2018-12-19,153.5500030517578,157.0,152.0,153.14999389648438,148.96221923828125,11139
2018-12-20,153.0500030517578,155.5500030517578,152.3000030517578,152.4499969482422,148.28135681152344,11649
2018-12-21,151.5500030517578,154.5,148.5500030517578,149.8000030517578,145.70382690429688,12618
2018-12-24,150.85000610351562,153.9499969482422,145.0,146.85000610351562,142.83450317382812,9358
2018-12-26,147.0,149.9499969482422,142.0500030517578,147.85000610351562,143.80715942382812,8449
2018-12-27,152.0,153.0,148.5500030517578,149.35000610351562,145.26614379882812,6283
2018-12-28,152.5,152.5,146.0500030517578,147.8000030517578,143.75852966308594,9416
2018-12-31,157.0,171.5,151.6999969482422,164.5500030517578,160.05050659179688,341488
2019-01-01,166.0,169.0,161.39999389648438,162.6999969482422,158.25108337402344,89107
2019-01-02,162.25,165.0,155.3000030517578,156.4499969482422,152.17198181152344,35069
2019-01-03,159.64999389648438,159.64999389648438,152.35000610351562,153.1999969482422,149.01084899902344,15334
2019-01-04,151.8000030517578,156.0,150.0,151.14999389648438,147.01690673828125,14710
2019-01-07,154.75,156.4499969482422,152.0,153.10000610351562,148.91358947753906,24858
2019-01-08,154.39999389648438,154.39999389648438,150.75,151.0500030517578,146.91964721679688,8617
2019-01-09,151.0,153.25,148.5500030517578,149.75,145.65521240234375,13283
2019-01-10,149.0500030517578,153.25,149.0,150.89999389648438,146.77374267578125,14133
2019-01-11,150.60000610351562,153.0,147.9499969482422,148.64999389648438,144.58526611328125,8892
2019-01-14,148.0500030517578,150.0,145.0500030517578,145.5500030517578,141.57003784179688,11593
2019-01-15,145.60000610351562,148.8000030517578,144.0,147.25,143.2235565185547,14315
2019-01-16,147.9499969482422,153.14999389648438,147.9499969482422,149.25,145.1688690185547,16305
2019-01-17,149.5,152.0,148.10000610351562,148.8000030517578,144.73117065429688,11151
2019-01-18,149.35000610351562,150.9499969482422,145.6999969482422,146.1999969482422,142.2022705078125,12767
2019-01-21,149.0,149.89999389648438,142.10000610351562,143.25,139.3329315185547,8796
2019-01-22,143.3000030517578,144.0500030517578,140.0500030517578,141.6999969482422,137.82530212402344,9567
2019-01-23,142.25,142.25,138.25,139.35000610351562,135.53958129882812,5295
2019-01-24,138.0500030517578,146.89999389648438,137.0500030517578,141.8000030517578,137.92259216308594,10635
2019-01-25,139.75,143.0500030517578,135.4499969482422,136.8000030517578,133.05931091308594,11330
2019-01-28,138.8000030517578,138.8000030517578,131.85000610351562,134.0500030517578,130.38450622558594,15594
2019-01-29,135.89999389648438,141.0,130.64999389648438,134.39999389648438,130.72491455078125,45806
2019-01-30,140.0,140.0,133.0,135.0500030517578,131.35716247558594,24901
2019-01-31,139.9499969482422,151.9499969482422,136.85000610351562,145.14999389648438,141.1809539794922,74904
2019-02-01,149.5,150.0,141.0500030517578,141.89999389648438,138.0198516845703,26107
2019-02-04,144.8000030517578,144.8000030517578,134.60000610351562,136.3000030517578,132.57298278808594,14446
2019-02-05,139.3000030517578,139.8000030517578,133.10000610351562,134.39999389648438,130.72491455078125,9588
2019-02-06,133.9499969482422,137.5,126.3499984741211,129.0500030517578,125.52122497558594,15293
2019-02-07,130.8000030517578,133.0500030517578,127.75,129.5,125.95891571044922,18184
2019-02-08,128.85000610351562,134.5500030517578,128.8000030517578,130.64999389648438,127.07746887207031,16810
2019-02-11,131.0,131.0,125.0999984741211,126.0999984741211,122.65188598632812,15243
2019-02-12,122.0999984741211,132.35000610351562,121.55000305175781,123.30000305175781,119.92845916748047,25988
2019-02-14,125.80000305175781,125.80000305175781,121.30000305175781,123.80000305175781,120.41477966308594,5245
2019-02-15,123.80000305175781,128.0,120.8499984741211,125.4000015258789,121.97102355957031,20075
2019-02-18,125.44999694824219,127.44999694824219,122.0,123.19999694824219,119.8311767578125,9169
2019-02-19,123.25,126.0,123.05000305175781,123.69999694824219,120.3175048828125,5531
2019-02-20,124.80000305175781,127.05000305175781,122.6500015258789,125.1500015258789,121.72786712646484,11057
2019-02-21,126.44999694824219,128.4499969482422,125.3499984741211,127.3499984741211,123.86770629882812,5294
2019-02-22,126.69999694824219,135.5,126.69999694824219,129.5500030517578,126.00755310058594,20998
2019-02-25,129.5500030517578,137.35000610351562,129.25,131.60000610351562,128.00149536132812,11386
2019-02-26,130.0500030517578,130.0500030517578,123.05000305175781,125.69999694824219,122.26282501220703,35077
2019-02-27,126.0,129.35000610351562,123.1500015258789,125.44999694824219,122.01966094970703,19983
2019-02-28,125.5,128.35000610351562,124.44999694824219,127.25,123.77043914794922,8736
2019-03-01,127.30000305175781,132.0,125.69999694824219,130.1999969482422,126.63977813720703,16548
2019-03-05,130.75,141.8000030517578,129.25,136.8000030517578,133.05931091308594,34335
2019-03-06,138.89999389648438,145.35000610351562,138.89999389648438,142.6999969482422,138.79795837402344,34413
2019-03-07,143.0,148.0,141.5,143.10000610351562,139.18702697753906,30448
2019-03-08,143.0,148.0,141.0500030517578,143.9499969482422,140.0137939453125,14004
2019-03-11,143.85000610351562,162.0,140.0,151.5500030517578,147.40597534179688,93065
2019-03-12,153.35000610351562,158.64999389648438,145.89999389648438,147.6999969482422,143.66123962402344,31449
2019-03-13,148.5,148.60000610351562,141.9499969482422,142.8000030517578,138.89523315429688,17448
2019-03-14,142.8000030517578,146.0,142.8000030517578,144.39999389648438,140.4514923095703,6449
2019-03-15,144.10000610351562,147.14999389648438,141.0,141.85000610351562,137.97122192382812,10394
2019-03-18,141.85000610351562,145.35000610351562,138.0,138.89999389648438,135.10186767578125,13537
2019-03-19,141.0,145.0,138.89999389648438,143.85000610351562,139.91653442382812,17560
2019-03-20,143.0500030517578,143.5500030517578,138.6999969482422,140.0,136.1717987060547,12557
2019-03-22,138.5,149.0,138.5,140.10000610351562,136.26907348632812,21099
2019-03-25,139.0500030517578,142.8000030517578,137.10000610351562,140.85000610351562,136.99856567382812,9092
2019-03-26,140.85000610351562,144.0,139.1999969482422,140.10000610351562,136.26907348632812,12431
2019-03-27,139.1999969482422,141.5500030517578,134.9499969482422,137.25,133.4969940185547,28009
2019-03-28,137.5500030517578,140.0500030517578,137.5500030517578,138.75,134.9559783935547,8849
2019-04-01,141.9499969482422,145.60000610351562,141.9499969482422,142.85000610351562,138.94386291503906,13381
2019-04-02,143.0,145.5,142.1999969482422,142.60000610351562,138.70071411132812,9509
2019-04-03,143.64999389648438,145.0,142.0500030517578,142.85000610351562,138.94386291503906,7698
2019-04-04,142.85000610351562,142.89999389648438,138.5,139.5500030517578,135.73410034179688,7607
2019-04-05,139.1999969482422,143.9499969482422,139.1999969482422,142.85000610351562,138.94386291503906,10160
2019-04-08,141.75,143.5500030517578,141.0,142.0,138.1171112060547,6108
2019-04-09,141.0,142.64999389648438,139.5,140.14999389648438,136.3177032470703,10017
2019-04-10,142.0,142.0,137.10000610351562,139.39999389648438,135.58819580078125,6143
2019-04-11,138.0,142.0,138.0,140.85000610351562,136.99856567382812,6063
2019-04-12,142.89999389648438,142.89999389648438,137.14999389648438,139.5,135.6854705810547,8155
2019-04-15,138.0,144.39999389648438,137.5500030517578,140.64999389648438,136.8040313720703,10839
2019-04-16,140.0,143.0,139.0500030517578,139.5500030517578,135.73410034179688,8329
2019-04-18,141.35000610351562,141.39999389648438,133.5,135.89999389648438,132.1839141845703,12001
2019-04-22,137.0,137.0,131.35000610351562,133.3000030517578,129.65499877929688,4758
2019-04-23,132.0500030517578,138.89999389648438,132.0500030517578,133.25,129.6063690185547,6944
2019-04-24,133.0,134.85000610351562,130.64999389648438,132.60000610351562,128.9741668701172,9665
2019-04-25,131.9499969482422,136.0,131.89999389648438,132.5,128.8768768310547,5307
2019-04-26,132.4499969482422,134.5,130.5,131.1999969482422,127.6124267578125,6491
2019-04-30,131.1999969482422,132.8000030517578,126.0999984741211,129.6999969482422,126.15345001220703,12765
2019-05-02,139.0,141.0,133.0500030517578,135.35000610351562,131.6489715576172,85924
2019-05-03,134.0500030517578,134.9499969482422,130.10000610351562,130.75,127.17472839355469,9711
2019-05-06,130.8000030517578,132.5,128.3000030517578,130.0,126.44524383544922,9517
2019-05-07,131.9499969482422,131.9499969482422,126.25,127.6500015258789,124.15950775146484,6106
2019-05-08,127.69999694824219,127.75,125.0999984741211,126.0999984741211,122.65188598632812,6358
2019-05-09,126.05000305175781,128.0,114.80000305175781,121.3499984741211,118.03176879882812,14157
2019-05-10,123.19999694824219,124.0,121.0,122.0999984741211,118.76126098632812,10146
2019-05-13,122.4000015258789,123.0,117.05000305175781,119.5,116.23235321044922,10860
2019-05-14,115.30000305175781,123.19999694824219,115.30000305175781,121.0999984741211,117.78860473632812,11761
2019-05-15,121.05000305175781,122.9000015258789,116.1500015258789,117.55000305175781,114.33568572998047,7574
2019-05-16,116.30000305175781,118.0,115.1500015258789,117.0999984741211,113.89797973632812,3905
2019-05-17,116.05000305175781,121.75,115.80000305175781,118.0999984741211,114.87063598632812,5867
2019-05-20,122.8499984741211,132.8000030517578,121.19999694824219,131.8000030517578,128.19602966308594,128670
2019-05-21,131.8000030517578,131.9499969482422,124.9000015258789,130.4499969482422,126.88292694091797,20291
2019-05-22,132.0,132.39999389648438,127.1500015258789,130.1999969482422,126.63977813720703,12602
2019-05-23,134.0,134.0,128.10000610351562,128.35000610351562,124.84036254882812,12071
2019-05-24,129.0,131.1999969482422,127.5999984741211,129.5500030517578,126.00755310058594,7547
2019-05-27,129.60000610351562,140.5500030517578,129.5,138.1999969482422,134.4210205078125,39074
2019-05-28,139.9499969482422,144.1999969482422,138.5,138.85000610351562,135.05323791503906,21849
2019-05-29,138.5,146.60000610351562,138.5,142.8000030517578,138.89523315429688,31173
2019-05-30,143.89999389648438,146.35000610351562,143.14999389648438,144.60000610351562,140.64602661132812,17016
2019-05-31,146.25,147.0,137.6999969482422,138.6999969482422,134.9073486328125,12603
2019-06-03,137.0500030517578,138.75,136.0,136.8000030517578,133.05931091308594,12060
2019-06-04,139.0,139.0,135.89999389648438,136.1999969482422,132.4757080078125,3038
2019-06-06,135.0500030517578,139.0,134.3000030517578,135.64999389648438,131.94073486328125,3715
2019-06-07,136.9499969482422,137.39999389648438,130.3000030517578,131.64999389648438,128.05010986328125,7613
2019-06-10,134.0,135.60000610351562,125.5999984741211,127.5,124.01361083984375,10286
2019-06-11,130.0,130.0,126.30000305175781,128.9499969482422,125.42395782470703,3409
2019-06-12,127.19999694824219,131.4499969482422,127.1500015258789,128.3000030517578,124.7917251586914,3172
2019-06-13,130.64999389648438,130.6999969482422,126.25,127.69999694824219,124.20813751220703,4653
2019-06-14,128.4499969482422,128.5500030517578,122.1500015258789,125.0999984741211,121.67922973632812,4329
2019-06-17,120.4000015258789,130.0,120.4000015258789,124.8499984741211,121.43606567382812,14194
2019-06-18,128.5,129.0,121.0,123.4000015258789,120.02571105957031,8299
2019-06-19,122.6500015258789,125.55000305175781,120.4000015258789,123.75,120.36614227294922,4818
2019-06-20,128.6999969482422,128.6999969482422,116.6500015258789,120.8499984741211,117.54544067382812,6898
2019-06-21,119.0,125.0,119.0,120.0,116.71868896484375,5457
2019-06-24,124.5,124.5,116.1500015258789,119.1500015258789,115.89192962646484,6025
2019-06-25,121.94999694824219,122.4000015258789,119.0999984741211,120.25,116.96185302734375,4155
2019-06-26,122.94999694824219,122.94999694824219,118.0,121.19999694824219,117.8858642578125,4250
2019-06-27,121.55000305175781,138.4499969482422,120.25,129.0500030517578,125.52122497558594,45993
2019-06-28,129.89999389648438,137.0,128.3000030517578,130.4499969482422,126.88292694091797,20622
2019-07-01,132.0,134.0,127.0,129.3000030517578,125.7643814086914,10368
2019-07-02,128.3000030517578,131.3000030517578,127.5,127.9000015258789,124.40267181396484,12289
2019-07-03,131.6999969482422,137.35000610351562,127.05000305175781,133.1999969482422,129.5577392578125,12451
2019-07-04,134.9499969482422,135.0,131.10000610351562,131.9499969482422,128.3419189453125,4770
2019-07-05,132.0,132.89999389648438,129.1999969482422,129.75,126.20207214355469,5322
2019-07-08,130.0,130.0,121.3499984741211,123.5999984741211,120.22024536132812,9712
2019-07-09,124.0,125.75,120.0,122.5999984741211,119.2475814819336,3139
2019-07-10,121.25,123.80000305175781,118.0,119.30000305175781,116.03782653808594,7078
2019-07-11,123.1500015258789,123.19999694824219,118.1500015258789,119.1500015258789,115.89192962646484,4110
2019-07-12,121.55000305175781,122.5,118.5,120.0999984741211,116.81595611572266,6652
2019-07-15,120.1500015258789,123.0,118.55000305175781,121.75,118.42082977294922,5062
2019-07-16,121.05000305175781,122.94999694824219,120.0,121.80000305175781,118.46946716308594,3750
2019-07-17,121.0999984741211,122.69999694824219,119.0,119.19999694824219,115.9405517578125,4003
2019-07-18,120.0,121.69999694824219,118.05000305175781,118.55000305175781,115.30833435058594,3755
2019-07-19,119.0,120.75,111.1500015258789,115.0999984741211,111.95266723632812,8849
2019-07-22,114.44999694824219,114.44999694824219,108.0,110.8499984741211,107.81887817382812,7479
2019-07-23,110.05000305175781,114.30000305175781,109.30000305175781,112.30000305175781,109.22923278808594,9260
2019-07-24,114.0,114.5,109.4000015258789,111.0,107.96479034423828,10253
2019-07-25,110.19999694824219,116.69999694824219,109.94999694824219,112.9000015258789,109.81283569335938,7053
2019-07-26,111.94999694824219,118.69999694824219,110.0,115.1500015258789,112.00130462646484,11588
2019-07-29,114.05000305175781,128.14999389648438,112.0,123.3499984741211,119.97708129882812,42382
2019-07-30,126.0,128.0,114.0,114.5,111.36908721923828,16898
2019-07-31,115.8499984741211,115.8499984741211,110.30000305175781,112.94999694824219,109.86145782470703,7415
2019-08-01,111.94999694824219,114.0,110.0,111.19999694824219,108.15930938720703,6748
2019-08-02,109.94999694824219,119.5,109.9000015258789,117.69999694824219,114.48157501220703,15224
2019-08-05,117.94999694824219,117.94999694824219,112.0,115.9000015258789,112.73080444335938,3114
2019-08-06,113.94999694824219,128.6999969482422,113.0,122.8499984741211,119.49076080322266,27523
2019-08-07,122.0,128.6999969482422,118.8499984741211,123.8499984741211,120.46340942382812,32969
2019-08-08,122.75,125.80000305175781,121.0,121.69999694824219,118.37220001220703,12874
2019-08-09,121.05000305175781,144.85000610351562,121.05000305175781,127.94999694824219,124.4512939453125,33838
2019-08-13,127.94999694824219,135.0,121.5,124.05000305175781,120.65795135498047,9477
2019-08-14,125.8499984741211,126.44999694824219,122.30000305175781,123.25,119.87982177734375,1660
2019-08-16,122.0,126.0,117.8499984741211,123.05000305175781,119.68529510498047,7419
2019-08-19,127.8499984741211,127.8499984741211,121.30000305175781,123.05000305175781,119.68529510498047,5949
2019-08-20,127.6500015258789,127.6500015258789,117.0999984741211,120.1500015258789,116.86458587646484,10853
2019-08-21,120.25,123.0,116.0,116.1500015258789,112.97396850585938,4796
2019-08-22,116.19999694824219,119.6500015258789,110.5999984741211,113.25,110.15325164794922,16684
2019-08-23,113.25,116.3499984741211,110.0,112.6500015258789,110.87174224853516,9656
2019-08-26,118.0,118.0,114.5,115.0999984741211,113.28305053710938,5150
2019-08-27,118.75,125.0,114.25,124.25,122.28861236572266,27752
2019-08-28,128.0,138.0,124.55000305175781,129.8000030517578,127.75102233886719,82604
2019-08-29,130.0,130.0,124.0999984741211,126.69999694824219,124.69993591308594,13080
2019-08-30,129.3000030517578,130.1999969482422,120.55000305175781,122.80000305175781,120.86151123046875,16964
2019-09-03,123.5999984741211,123.5999984741211,117.3499984741211,118.8499984741211,116.97386169433594,4182
2019-09-04,119.94999694824219,120.75,116.6500015258789,117.8499984741211,115.98963928222656,5759
2019-09-05,121.5,126.75,117.8499984741211,120.8499984741211,118.9422836303711,16163
2019-09-06,121.30000305175781,125.94999694824219,120.44999694824219,122.0,120.07413482666016,10991
2019-09-09,121.0,125.80000305175781,121.0,125.05000305175781,123.07598876953125,4662
2019-09-11,127.5,129.75,123.0,124.55000305175781,122.5838851928711,8743
2019-09-12,127.0,129.0,123.0,123.9000015258789,121.94413757324219,23152
2019-09-13,125.9000015258789,132.64999389648438,125.5999984741211,130.1999969482422,128.1446990966797,55563
2019-09-16,129.0,134.9499969482422,128.0,129.6999969482422,127.652587890625,16291
2019-09-17,129.3000030517578,132.0,124.5999984741211,125.05000305175781,123.07598876953125,7632
2019-09-18,128.0,128.0,122.0,124.1500015258789,122.19019317626953,6980
2019-09-19,123.05000305175781,123.94999694824219,120.0,120.5,118.59781646728516,3519
2019-09-20,123.44999694824219,127.0,121.25,125.44999694824219,123.46967315673828,9758
2019-09-23,127.0,132.8000030517578,127.0,128.14999389648438,126.12704467773438,12466
2019-09-24,131.35000610351562,135.0,123.0,126.0,124.01099395751953,66048
2019-09-25,128.75,128.8000030517578,124.0999984741211,124.94999694824219,122.97756958007812,11322
2019-09-26,125.0,128.9499969482422,123.0,124.05000305175781,122.09178161621094,16168
2019-09-27,123.30000305175781,127.0,123.30000305175781,124.0999984741211,122.14097595214844,5593
2019-09-30,122.05000305175781,125.9000015258789,122.05000305175781,122.1500015258789,120.22177124023438,4574
2019-10-01,127.69999694824219,127.69999694824219,119.1500015258789,120.9000015258789,118.99150085449219,15753
2019-10-03,120.1500015258789,126.6500015258789,120.0,123.5,121.55046081542969,10830
2019-10-04,126.0,126.25,118.1500015258789,120.0,118.105712890625,11976
2019-10-07,122.9000015258789,122.9000015258789,118.0,118.94999694824219,117.07228088378906,5137
2019-10-09,120.94999694824219,121.05000305175781,118.0,118.94999694824219,117.07228088378906,5358
2019-10-10,118.0,119.30000305175781,116.69999694824219,117.5,115.64517211914062,1838
2019-10-11,117.55000305175781,122.9000015258789,117.55000305175781,118.30000305175781,116.43254089355469,10927
2019-10-14,118.0,120.5,116.1500015258789,116.69999694824219,114.85779571533203,7376
2019-10-15,122.75,122.80000305175781,116.25,117.75,115.89122772216797,2910
2019-10-16,117.1500015258789,122.55000305175781,116.0,117.69999694824219,115.84201049804688,11016
2019-10-17,117.75,119.69999694824219,117.0,117.5999984741211,115.74359130859375,2752
2019-10-18,119.75,122.19999694824219,118.0999984741211,118.80000305175781,116.92465209960938,21989
2019-10-22,124.5,133.8000030517578,120.55000305175781,122.25,120.32018280029297,148264
2019-10-23,125.0,130.0,120.25,121.0,119.08992004394531,27584
2019-10-24,124.75,124.75,118.19999694824219,118.69999694824219,116.82623291015625,9780
2019-10-25,122.6500015258789,122.6500015258789,117.5,118.19999694824219,116.33411407470703,10163
2019-10-27,120.94999694824219,121.0,118.30000305175781,120.6500015258789,118.74544525146484,2231
2019-10-29,120.6500015258789,122.0,119.05000305175781,120.25,118.35176086425781,18367
2019-10-30,129.89999389648438,130.0,122.0999984741211,123.3499984741211,121.40282440185547,108870
2019-10-31,123.94999694824219,124.1500015258789,118.05000305175781,120.0999984741211,118.20413208007812,29098
2019-11-01,121.0,123.9000015258789,119.75,121.69999694824219,119.77886962890625,12064
2019-11-04,120.19999694824219,126.19999694824219,120.19999694824219,123.94999694824219,121.99334716796875,33737
2019-11-05,124.25,130.0,122.44999694824219,127.5,125.48731994628906,55859
2019-11-06,128.1999969482422,130.0,126.0,127.8499984741211,125.831787109375,27972
2019-11-07,128.9499969482422,130.0,125.6500015258789,129.6999969482422,127.652587890625,40971
2019-11-08,131.0,141.89999389648438,128.64999389648438,132.0,129.91627502441406,156329
2019-11-11,133.9499969482422,136.89999389648438,127.0999984741211,131.1999969482422,129.12890625,67721
2019-11-13,130.9499969482422,131.0500030517578,118.25,122.80000305175781,120.86151123046875,109972
2019-11-14,117.0,121.9000015258789,117.0,120.4000015258789,118.4993896484375,28301
2019-11-15,119.0,123.0,118.5999984741211,119.5999984741211,117.71202087402344,18186
2019-11-18,122.9000015258789,122.9000015258789,117.0999984741211,118.9000015258789,117.02307891845703,15364
2019-11-19,122.0,122.0,117.80000305175781,119.0999984741211,117.21990966796875,9959
2019-11-20,123.25,123.25,119.30000305175781,120.5999984741211,118.69622802734375,27685
2019-11-21,122.9000015258789,128.0,119.05000305175781,120.44999694824219,118.54859924316406,225148
2019-11-22,121.19999694824219,121.44999694824219,118.0,118.3499984741211,116.48175811767578,27610
2019-11-25,119.94999694824219,121.44999694824219,118.55000305175781,119.30000305175781,117.41675567626953,23774
2019-11-26,118.6500015258789,121.44999694824219,117.5,117.8499984741211,115.98963928222656,20167
2019-11-27,118.0,120.80000305175781,117.80000305175781,118.1500015258789,116.284912109375,21023
2019-11-28,119.8499984741211,119.8499984741211,117.3499984741211,117.8499984741211,115.98963928222656,16157
2019-11-29,118.05000305175781,118.94999694824219,115.4000015258789,116.94999694824219,115.10385131835938,13195
2019-12-02,116.4000015258789,119.5,115.6500015258789,116.1500015258789,114.31649017333984,14369
2019-12-03,115.55000305175781,117.0,113.19999694824219,114.5,112.69253540039062,10297
2019-12-04,113.44999694824219,115.44999694824219,113.44999694824219,114.30000305175781,112.49569702148438,9266
2019-12-05,115.94999694824219,116.4000015258789,113.0999984741211,114.0999984741211,112.29884338378906,7925
2019-12-06,113.25,115.5,110.69999694824219,111.94999694824219,110.18277740478516,18583
2019-12-09,111.94999694824219,118.0,108.1500015258789,112.44999694824219,110.67488861083984,51900
2019-12-10,115.80000305175781,115.80000305175781,109.0,110.4000015258789,108.6572494506836,19611
2019-12-11,110.05000305175781,112.0,108.5,109.25,107.52539825439453,6077
2019-12-12,109.55000305175781,112.4000015258789,109.5,110.75,109.00172424316406,5655
2019-12-13,110.5999984741211,112.75,109.5999984741211,110.0999984741211,108.36198425292969,13301
2019-12-16,110.55000305175781,111.5,104.25,110.0,108.26356506347656,13774
2019-12-17,111.4000015258789,111.5,108.1500015258789,110.0999984741211,108.36198425292969,6903
2019-12-18,110.5,115.0,110.0999984741211,111.8499984741211,110.08435821533203,14508
2019-12-19,110.6500015258789,113.9000015258789,110.6500015258789,113.44999694824219,111.65909576416016,8177
2019-12-20,112.55000305175781,113.30000305175781,110.25,111.3499984741211,109.59225463867188,6173
2019-12-23,112.94999694824219,112.94999694824219,110.25,110.75,109.00172424316406,2899
2019-12-24,110.55000305175781,112.0,108.1500015258789,109.19999694824219,107.47618103027344,7690
2019-12-26,108.0,113.0,108.0,111.9000015258789,110.13357543945312,14948
2019-12-27,112.94999694824219,113.0,111.0,111.80000305175781,110.03514862060547,6226
2019-12-30,110.0999984741211,112.05000305175781,109.5,109.8499984741211,108.11593627929688,5532
2019-12-31,109.05000305175781,115.5999984741211,109.05000305175781,113.75,111.9543685913086,22385
2020-01-01,115.94999694824219,123.69999694824219,113.30000305175781,116.44999694824219,114.61174011230469,32983
2020-01-02,117.80000305175781,125.6500015258789,115.44999694824219,122.94999694824219,121.00914001464844,76550
2020-01-03,122.30000305175781,128.8000030517578,121.05000305175781,122.9000015258789,120.9599380493164,32579
2020-01-06,120.0,120.0,111.80000305175781,113.80000305175781,112.00357818603516,27514
2020-01-07,117.4000015258789,117.4000015258789,114.25,115.4000015258789,113.57833099365234,9105
2020-01-08,115.3499984741211,115.3499984741211,110.94999694824219,113.5999984741211,111.80673217773438,15868
2020-01-09,115.0,122.5999984741211,114.44999694824219,118.5999984741211,116.7278060913086,28758
2020-01-10,119.75,130.9499969482422,118.0,124.69999694824219,122.73151397705078,118965
2020-01-13,127.9000015258789,129.35000610351562,122.25,125.30000305175781,123.3220443725586,35179
2020-01-14,128.0,128.0,122.0,124.05000305175781,122.09178161621094,16079
2020-01-15,127.25,129.89999389648438,122.8499984741211,126.6500015258789,124.65072631835938,25924
2020-01-16,125.55000305175781,129.6999969482422,124.94999694824219,125.55000305175781,123.5680923461914,18252
2020-01-17,125.1500015258789,126.5,124.0999984741211,124.80000305175781,122.8299331665039,8434
2020-01-20,126.0,126.0,120.5,121.80000305175781,119.8772964477539,8499
2020-01-21,120.0,122.0,118.44999694824219,120.4000015258789,118.4993896484375,14763
2020-01-22,120.0,122.5,118.0,118.30000305175781,116.43254089355469,8880
2020-01-23,118.05000305175781,120.75,116.94999694824219,118.19999694824219,116.33411407470703,15457
2020-01-24,118.19999694824219,122.69999694824219,118.0,121.05000305175781,119.1391372680664,13005
2020-01-27,122.0,126.0,119.44999694824219,121.6500015258789,119.72966766357422,13347
2020-01-28,120.19999694824219,123.80000305175781,119.0999984741211,119.4000015258789,117.51518249511719,15270
2020-01-29,122.80000305175781,126.94999694824219,119.3499984741211,122.9000015258789,120.9599380493164,33450
2020-01-30,123.0,124.0,119.0999984741211,119.44999694824219,117.56438446044922,9998
2020-01-31,120.4000015258789,120.4000015258789,116.3499984741211,116.8499984741211,115.00543975830078,11682
2020-02-03,116.9000015258789,117.44999694824219,112.9000015258789,114.9000015258789,113.08621215820312,9387
2020-02-04,116.5,119.55000305175781,113.1500015258789,118.1500015258789,116.284912109375,9637
2020-02-05,117.30000305175781,120.55000305175781,115.0999984741211,117.69999694824219,115.84201049804688,12583
2020-02-06,117.69999694824219,120.0,117.0,117.5999984741211,115.74359130859375,14962
2020-02-07,119.80000305175781,119.80000305175781,115.75,116.1500015258789,114.31649017333984,9556
2020-02-10,119.0,119.0,115.0,115.4000015258789,113.57833099365234,9777
2020-02-11,117.94999694824219,119.0,114.0999984741211,116.94999694824219,115.10385131835938,26203
2020-02-12,116.94999694824219,118.19999694824219,114.0,117.1500015258789,115.30069732666016,14831
2020-02-13,116.44999694824219,116.80000305175781,114.0,114.1500015258789,112.34805297851562,8688
2020-02-14,114.0999984741211,115.0,112.05000305175781,112.6500015258789,110.87174224853516,11653
2020-02-17,112.05000305175781,112.05000305175781,109.19999694824219,110.1500015258789,108.41119384765625,7548
2020-02-18,109.0,113.94999694824219,106.5,107.19999694824219,105.50775909423828,9999
2020-02-19,107.0,110.94999694824219,107.0,107.55000305175781,105.85224151611328,7150
2020-02-20,107.0,110.5,104.0999984741211,106.5,104.81881713867188,7456
2020-02-24,106.5,111.55000305175781,104.6500015258789,109.75,108.01750946044922,15691
2020-02-25,109.0,109.0,105.30000305175781,106.9000015258789,105.2125015258789,3066
2020-02-26,106.0,108.9000015258789,102.1500015258789,104.05000305175781,102.4074935913086,8400
2020-02-27,103.0,106.5,100.5,103.44999694824219,101.81696319580078,10553
2020-02-28,102.0,102.8499984741211,93.0,94.25,92.76219177246094,33611
2020-03-02,101.8499984741211,101.9000015258789,90.0,92.05000305175781,90.596923828125,13598
2020-03-03,94.94999694824219,95.0,93.1500015258789,94.0,92.5161361694336,4150
2020-03-04,94.0,95.80000305175781,85.94999694824219,88.55000305175781,87.15216827392578,14194
2020-03-05,88.55000305175781,91.5,88.5,89.05000305175781,87.64427947998047,12111
2020-03-06,88.0999984741211,94.4000015258789,80.8499984741211,88.19999694824219,86.80769348144531,14589
2020-03-09,91.5,91.5,80.0,80.1500015258789,78.88477325439453,30158
2020-03-11,76.0,84.94999694824219,76.0,82.4000015258789,81.09925079345703,7977
2020-03-12,79.80000305175781,79.80000305175781,66.44999694824219,71.5999984741211,70.46973419189453,36518
2020-03-13,60.79999923706055,75.9000015258789,58.54999923706055,71.94999694824219,70.814208984375,31422
2020-03-16,77.0,86.0,66.3499984741211,71.4000015258789,70.27289581298828,12588
2020-03-17,68.0999984741211,75.8499984741211,68.0999984741211,71.55000305175781,70.42052459716797,6983
2020-03-18,73.75,73.80000305175781,60.79999923706055,65.3499984741211,64.31839752197266,14284
2020-03-19,65.55000305175781,66.94999694824219,58.0,60.79999923706055,59.84022521972656,26296
2020-03-20,60.04999923706055,65.0,60.04999923706055,63.349998474121094,62.34996795654297,14092
2020-03-23,61.5,61.95000076293945,58.0,60.75,59.791015625,8281
2020-03-24,65.94999694824219,65.94999694824219,48.599998474121094,49.650001525878906,48.86623764038086,41886
2020-03-25,47.099998474121094,54.599998474121094,44.70000076293945,46.45000076293945,45.71675109863281,67509
2020-03-26,49.849998474121094,51.04999923706055,47.099998474121094,51.04999923706055,50.244136810302734,22999
2020-03-27,55.849998474121094,56.150001525878906,51.5,53.95000076293945,53.09835433959961,27266
2020-03-30,55.25,55.25,50.79999923706055,53.849998474121094,52.999935150146484,8170
2020-03-31,53.849998474121094,59.20000076293945,53.849998474121094,59.20000076293945,58.26548385620117,16359
2020-04-01,63.400001525878906,63.400001525878906,57.70000076293945,59.0,58.06863784790039,19205
2020-04-03,59.0,61.0,58.45000076293945,59.54999923706055,58.609954833984375,10681
2020-04-07,62.400001525878906,62.5,58.04999923706055,61.04999923706055,60.08627700805664,18444
2020-04-08,63.45000076293945,64.0999984741211,61.54999923706055,64.0,62.98971176147461,11111
2020-04-09,67.19999694824219,67.19999694824219,65.0,67.19999694824219,66.13919067382812,4868
2020-04-13,70.0,70.0,63.900001525878906,68.1500015258789,67.07420349121094,38127
2020-04-15,68.5,71.55000305175781,66.94999694824219,71.55000305175781,70.42052459716797,14726
2020-04-16,71.0,75.0999984741211,71.0,75.0999984741211,73.91448211669922,3643
2020-04-17,78.8499984741211,78.8499984741211,78.8499984741211,78.8499984741211,77.60529327392578,3934
2020-04-20,82.75,82.75,82.75,82.75,81.4437255859375,2195
2020-04-21,86.8499984741211,86.8499984741211,79.0,86.25,84.88847351074219,46237
2020-04-22,90.5,90.5,81.94999694824219,84.8499984741211,83.51057434082031,18692
2020-04-23,85.9000015258789,87.94999694824219,83.19999694824219,84.4000015258789,83.06768035888672,14779
2020-04-24,84.4000015258789,86.5,80.19999694824219,80.19999694824219,78.93397521972656,16329
2020-04-27,80.19999694824219,84.19999694824219,76.30000305175781,81.5,80.21346282958984,24455
2020-04-28,79.25,82.9000015258789,77.44999694824219,79.4000015258789,78.14661407470703,13783
2020-04-29,78.8499984741211,81.0,75.44999694824219,78.75,77.50686645507812,17859
2020-04-30,79.8499984741211,81.0,76.55000305175781,78.80000305175781,77.55608367919922,16563
2020-05-04,82.69999694824219,82.69999694824219,74.9000015258789,75.94999694824219,74.75106048583984,22893
2020-05-05,75.94999694824219,79.0,74.5,75.5,74.30817413330078,7863
2020-05-06,78.69999694824219,78.69999694824219,74.30000305175781,76.75,75.53844451904297,6200
2020-05-07,76.75,76.8499984741211,75.1500015258789,76.05000305175781,74.84949493408203,4417
2020-05-08,74.1500015258789,78.0,73.94999694824219,76.5,75.2923812866211,11118
2020-05-11,79.0,79.0,72.80000305175781,74.19999694824219,73.02869415283203,6694
2020-05-12,74.0,76.9000015258789,71.25,76.25,75.04633331298828,5679
2020-05-13,78.75,79.0,73.19999694824219,75.8499984741211,74.65264892578125,8335
2020-05-14,75.05000305175781,77.5,73.0,75.19999694824219,74.0129165649414,6288
2020-05-15,74.05000305175781,76.0,73.5999984741211,74.6500015258789,73.47159576416016,4210
2020-05-18,75.0,75.5,71.0,72.0999984741211,70.96183776855469,9740
2020-05-19,73.94999694824219,73.94999694824219,68.75,70.5999984741211,69.48551940917969,12180
2020-05-20,73.94999694824219,73.94999694824219,67.5,69.9000015258789,68.79656982421875,12327
2020-05-21,70.0,71.5,67.5999984741211,70.69999694824219,69.58394622802734,5249
2020-05-22,71.05000305175781,72.0,67.4000015258789,69.0999984741211,68.00920104980469,6058
2020-05-26,70.0,72.55000305175781,69.0999984741211,69.80000305175781,68.69815826416016,3813
2020-05-27,69.30000305175781,72.0,68.0,70.6500015258789,69.53472900390625,3040
2020-05-28,70.69999694824219,71.55000305175781,69.0,70.55000305175781,69.43631744384766,7812
2020-05-29,68.5,72.0,68.5,70.3499984741211,69.23947143554688,13276
2020-06-01,73.0,73.0,69.5999984741211,71.0,69.87921142578125,17210
2020-06-02,72.69999694824219,72.75,69.05000305175781,71.94999694824219,70.814208984375,13096
2020-06-03,72.19999694824219,75.5,72.19999694824219,74.80000305175781,73.61922454833984,19653
2020-06-04,75.94999694824219,78.5,75.94999694824219,78.5,77.26081848144531,25353
2020-06-05,86.3499984741211,86.3499984741211,82.5999984741211,86.3499984741211,84.98690032958984,15378
2020-06-08,94.94999694824219,94.94999694824219,94.94999694824219,94.94999694824219,93.45114135742188,24007
2020-06-09,104.4000015258789,104.4000015258789,95.94999694824219,104.4000015258789,102.75196838378906,82427
2020-06-10,109.5,109.5999984741211,99.19999694824219,104.55000305175781,102.89959716796875,63945
2020-06-11,105.0,107.0,100.5,103.0999984741211,101.47248840332031,22190
2020-06-12,100.30000305175781,101.9000015258789,97.94999694824219,100.1500015258789,98.56905364990234,23179
2020-06-15,101.1500015258789,103.94999694824219,96.1500015258789,98.9000015258789,97.33878326416016,20689
2020-06-16,103.5,103.5,95.44999694824219,97.30000305175781,95.76404571533203,10701
2020-06-17,99.44999694824219,99.6500015258789,96.30000305175781,98.05000305175781,96.50220489501953,6852
2020-06-18,101.5,101.5,96.75,99.69999694824219,98.12615203857422,16822
2020-06-19,100.75,104.6500015258789,99.3499984741211,104.6500015258789,102.99801635742188,23828
2020-06-22,109.8499984741211,109.8499984741211,106.0999984741211,108.69999694824219,106.98408508300781,32201
2020-06-23,112.0,113.4000015258789,107.8499984741211,112.5999984741211,110.82252502441406,19089
2020-06-24,112.55000305175781,114.94999694824219,109.1500015258789,111.5999984741211,109.83830261230469,21205
2020-06-25,108.0999984741211,112.0,106.05000305175781,109.55000305175781,107.82067108154297,14606
2020-06-26,112.0999984741211,114.9000015258789,109.30000305175781,112.1500015258789,110.37962341308594,11644
2020-06-29,117.0,117.0,109.25,109.94999694824219,108.21434783935547,11811
2020-06-30,113.4000015258789,113.4000015258789,105.25,106.55000305175781,104.86803436279297,6203
2020-07-01,103.75,109.4000015258789,101.25,102.44999694824219,100.8327407836914,19715
2020-07-02,102.5,106.9000015258789,102.1500015258789,103.0,101.37406158447266,7108
2020-07-03,105.44999694824219,105.44999694824219,100.0,102.5999984741211,100.98037719726562,12326
2020-07-06,104.44999694824219,105.75,100.0,100.9000015258789,99.30722045898438,9443
2020-07-07,99.0,103.55000305175781,98.8499984741211,101.80000305175781,100.19300842285156,10641
2020-07-08,103.5,103.9000015258789,100.80000305175781,102.9000015258789,101.27565002441406,9284
2020-07-09,102.0,103.75,97.8499984741211,101.6500015258789,100.04537200927734,17824
2020-07-10,98.1500015258789,103.4000015258789,98.1500015258789,99.0999984741211,97.53562927246094,12346
2020-07-13,102.5,102.5,99.0,100.19999694824219,98.61825561523438,11184
2020-07-14,100.94999694824219,101.5,98.19999694824219,99.44999694824219,97.88009643554688,8841
2020-07-15,101.8499984741211,103.5,99.0,99.19999694824219,97.63404846191406,16303
2020-07-16,99.05000305175781,101.44999694824219,98.30000305175781,99.19999694824219,97.63404846191406,7763
2020-07-17,100.8499984741211,101.0,99.0,99.55000305175781,97.97853088378906,6445
2020-07-20,99.19999694824219,102.5,99.19999694824219,101.05000305175781,99.4548568725586,13044
2020-07-21,101.19999694824219,101.55000305175781,99.0,99.8499984741211,98.27378845214844,8041
2020-07-22,99.8499984741211,100.9000015258789,97.75,98.80000305175781,97.24036407470703,10263
2020-07-23,99.30000305175781,103.69999694824219,99.30000305175781,103.69999694824219,102.0630111694336,13808
2020-07-24,108.8499984741211,108.8499984741211,107.69999694824219,108.8499984741211,107.1317138671875,10608
2020-07-27,114.25,114.25,104.0,107.05000305175781,105.36013793945312,37613
2020-07-28,105.94999694824219,112.4000015258789,103.0999984741211,112.4000015258789,110.62568664550781,27772
2020-07-29,118.0,118.0,115.0,118.0,116.13727569580078,42042
2020-07-30,118.5,123.9000015258789,115.0999984741211,123.4000015258789,121.45203399658203,49304
2020-07-31,126.0,128.8000030517578,121.1500015258789,126.5999984741211,124.60152435302734,40179
2020-08-03,126.0,127.5,120.30000305175781,121.8499984741211,119.92649841308594,31091
2020-08-04,121.6500015258789,124.44999694824219,117.1500015258789,119.94999694824219,118.0564956665039,24768
2020-08-05,121.0999984741211,124.80000305175781,115.6500015258789,117.1500015258789,115.30069732666016,57439
2020-08-06,119.44999694824219,123.0,117.25,122.0,120.07413482666016,22976
2020-08-07,125.0,126.69999694824219,118.0,121.6500015258789,119.72966766357422,33546
2020-08-10,121.1500015258789,125.5999984741211,114.19999694824219,115.19999694824219,113.38147735595703,47422
2020-08-11,117.5,118.4000015258789,112.69999694824219,115.0,113.18463897705078,35260
2020-08-12,118.5,126.5,116.05000305175781,126.0,124.01099395751953,232384
2020-08-13,127.80000305175781,138.60000610351562,124.4000015258789,132.6999969482422,130.60523986816406,202204
2020-08-14,138.60000610351562,142.89999389648438,131.25,133.5,131.39260864257812,161983
2020-08-17,143.0,146.85000610351562,136.5500030517578,140.3000030517578,138.0852508544922,234022
2020-08-18,144.0,154.3000030517578,140.9499969482422,154.3000030517578,151.8642578125,210751
2020-08-19,162.0,162.0,157.10000610351562,162.0,159.4427032470703,293065
2020-08-20,169.0,169.5,158.75,160.35000610351562,157.81875610351562,222141
2020-08-21,163.0,165.0500030517578,152.35000610351562,152.35000610351562,149.94505310058594,128518
2020-08-24,152.5,158.89999389648438,144.75,146.9499969482422,144.63027954101562,156125
2020-08-25,152.39999389648438,153.0,145.8000030517578,147.60000610351562,145.27003479003906,235177
2020-08-26,151.8000030517578,151.85000610351562,143.60000610351562,145.10000610351562,142.8094940185547,119449
2020-08-27,147.9499969482422,148.0500030517578,144.10000610351562,146.10000610351562,143.793701171875,48020
2020-08-28,146.5,151.25,140.10000610351562,141.25,139.020263671875,95831
2020-08-31,136.14999389648438,141.5500030517578,134.1999969482422,134.35000610351562,132.2292022705078,75593
2020-09-01,138.9499969482422,138.9499969482422,127.6500015258789,128.1999969482422,126.17626190185547,39746
2020-09-02,132.0,134.60000610351562,130.0,134.60000610351562,132.47525024414062,25633
2020-09-03,140.89999389648438,141.3000030517578,131.3000030517578,135.39999389648438,133.26258850097656,43361
2020-09-04,132.25,141.35000610351562,129.9499969482422,135.10000610351562,132.96734619140625,45487
2020-09-07,139.8000030517578,139.8000030517578,131.0,132.10000610351562,130.0146942138672,36472
2020-09-08,133.6999969482422,133.6999969482422,126.25,127.69999694824219,125.68415832519531,44279
2020-09-09,122.3499984741211,127.0,121.55000305175781,123.80000305175781,121.8457260131836,31186
2020-09-10,124.9000015258789,129.9499969482422,123.5999984741211,128.6999969482422,126.66836547851562,60857
2020-09-11,128.5500030517578,128.8000030517578,125.19999694824219,125.9000015258789,123.9125747680664,20967
2020-09-14,125.19999694824219,129.85000610351562,125.19999694824219,129.25,127.2096939086914,25029
2020-09-15,131.6999969482422,132.60000610351562,126.25,127.4000015258789,125.3888931274414,14643
2020-09-16,125.9000015258789,132.0,125.9000015258789,127.8499984741211,125.831787109375,12652
2020-09-17,129.0,130.5500030517578,126.5,128.89999389648438,126.86520385742188,17752
2020-09-18,129.14999389648438,131.0500030517578,123.0,124.0999984741211,122.14097595214844,44840
2020-09-21,124.25,125.69999694824219,117.25,117.44999694824219,116.25169372558594,22478
2020-09-22,117.44999694824219,121.8499984741211,111.69999694824219,115.0999984741211,113.92566680908203,25554
2020-09-23,119.9000015258789,120.0,115.6500015258789,117.0,115.80628204345703,14401
2020-09-24,115.4000015258789,115.69999694824219,112.05000305175781,112.4000015258789,111.25321960449219,14631
2020-09-25,112.5999984741211,118.0,112.5999984741211,116.19999694824219,115.01444244384766,11642
2020-09-28,116.0,120.9000015258789,113.19999694824219,115.5,114.32158660888672,15836
2020-09-29,119.0,121.25,113.75,121.25,120.01292419433594,30624
2020-09-30,126.5,126.5,122.75,124.44999694824219,123.1802749633789,12509
2020-10-01,124.5999984741211,125.0,118.25,119.30000305175781,118.08281707763672,22263
2020-10-05,121.69999694824219,122.75,116.5999984741211,121.4000015258789,120.16139221191406,24479
2020-10-06,123.19999694824219,123.5,119.6500015258789,120.3499984741211,119.12210845947266,15851
2020-10-07,123.0,123.9000015258789,118.5999984741211,120.1500015258789,118.92414855957031,23879
2020-10-08,120.94999694824219,123.0,118.0999984741211,119.8499984741211,118.62720489501953,30782
2020-10-09,119.0999984741211,121.69999694824219,117.5,119.05000305175781,117.83536529541016,8664
2020-10-12,119.8499984741211,119.9000015258789,117.0999984741211,117.44999694824219,116.25169372558594,7007
2020-10-13,117.6500015258789,129.14999389648438,116.44999694824219,128.9499969482422,127.63436889648438,307353
2020-10-14,132.0,141.8000030517578,130.25,141.8000030517578,140.353271484375,253451
2020-10-15,146.5,154.39999389648438,142.10000610351562,146.5500030517578,145.05479431152344,316918
2020-10-16,146.89999389648438,150.5,132.64999389648438,134.4499969482422,133.0782470703125,191998
2020-10-19,135.3000030517578,138.89999389648438,132.60000610351562,136.0500030517578,134.66192626953125,60911
2020-10-20,122.44999694824219,129.8000030517578,122.44999694824219,122.44999694824219,121.20067596435547,153760
2020-10-21,119.5,119.9000015258789,113.19999694824219,117.4000015258789,116.20220184326172,169782
2020-10-22,116.25,120.25,114.0,115.25,114.07414245605469,60354
2020-10-23,115.75,117.19999694824219,112.05000305175781,114.8499984741211,113.67821502685547,38575
2020-10-26,116.75,116.75,112.05000305175781,113.4000015258789,112.24301147460938,39804
2020-10-27,114.69999694824219,114.69999694824219,112.05000305175781,112.6500015258789,111.50067138671875,26688
2020-10-28,111.30000305175781,112.5,110.1500015258789,110.4000015258789,109.27362060546875,23535
2020-10-29,108.25,115.0,106.5999984741211,109.6500015258789,108.53128051757812,37680
2020-10-30,109.1500015258789,114.3499984741211,108.30000305175781,112.05000305175781,110.90679168701172,15938
2020-11-02,109.0,111.80000305175781,108.0,109.30000305175781,108.18484497070312,21258
2020-11-03,108.94999694824219,114.0,107.94999694824219,112.4000015258789,111.25321960449219,23341
2020-11-04,112.9000015258789,113.9000015258789,108.19999694824219,110.0,108.8777084350586,21331
2020-11-05,111.0,114.0,109.19999694824219,109.80000305175781,108.67974090576172,15500
2020-11-06,109.94999694824219,112.9000015258789,108.75,111.19999694824219,110.06546020507812,18213
2020-11-09,111.0,111.0,110.0,110.5,109.37259674072266,15302
2020-11-10,110.5,112.5,109.6500015258789,110.44999694824219,109.32311248779297,22641
2020-11-11,110.94999694824219,114.44999694824219,108.4000015258789,109.30000305175781,108.18484497070312,33638
2020-11-12,113.9000015258789,113.9000015258789,109.0,111.3499984741211,110.21392822265625,52171
2020-11-13,112.80000305175781,113.9000015258789,110.1500015258789,110.94999694824219,109.81800842285156,30566
2020-11-14,112.05000305175781,112.94999694824219,110.0,111.94999694824219,110.80780029296875,8394
2020-11-17,113.80000305175781,117.5,111.55000305175781,117.44999694824219,116.25169372558594,100821
2020-11-18,119.6500015258789,121.8499984741211,117.0,120.0,118.77567291259766,77741
2020-11-19,121.4000015258789,122.5999984741211,117.9000015258789,118.9000015258789,117.68690490722656,80146
2020-11-20,119.94999694824219,121.0,116.6500015258789,117.1500015258789,115.95475006103516,29088
2020-11-23,119.94999694824219,119.94999694824219,115.19999694824219,117.05000305175781,115.85577392578125,22283
2020-11-24,117.05000305175781,121.69999694824219,116.0,116.9000015258789,115.70730590820312,53726
2020-11-25,116.9000015258789,120.0,111.69999694824219,113.6500015258789,112.49046325683594,30920
2020-11-26,115.30000305175781,116.55000305175781,111.0999984741211,115.80000305175781,114.6185302734375,24150
2020-11-27,116.0,117.0,113.19999694824219,115.69999694824219,114.51954650878906,39475
2020-12-01,115.6500015258789,117.0,112.0,112.6500015258789,111.50067138671875,86091
2020-12-02,114.3499984741211,115.0,112.05000305175781,112.4000015258789,111.25321960449219,75135
2020-12-03,114.75,118.0,114.5,118.0,116.79608154296875,147452
2020-12-04,123.9000015258789,123.9000015258789,121.1500015258789,123.9000015258789,122.6358871459961,250854
2020-12-07,128.5,136.25,124.5,131.5,130.15834045410156,480343
2020-12-08,133.6999969482422,133.6999969482422,120.80000305175781,123.1500015258789,121.89353942871094,243621
2020-12-09,124.9000015258789,124.9000015258789,115.0,115.69999694824219,114.51954650878906,302071
2020-12-10,115.69999694824219,120.0,113.5,118.0999984741211,116.89505767822266,198751
2020-12-11,129.89999389648438,129.89999389648438,129.89999389648438,129.89999389648438,128.5746612548828,256870
2020-12-14,142.85000610351562,142.85000610351562,142.85000610351562,142.85000610351562,141.39254760742188,220692
2020-12-15,157.10000610351562,157.10000610351562,150.0,157.10000610351562,155.49716186523438,673737
2020-12-16,164.8000030517578,164.8000030517578,149.25,155.60000610351562,154.01246643066406,742882
2020-12-17,158.0,158.0,148.4499969482422,149.35000610351562,147.82623291015625,185678
2020-12-18,155.0,155.4499969482422,142.0,142.9499969482422,141.49151611328125,132697
2020-12-21,143.0,145.9499969482422,135.85000610351562,135.85000610351562,134.46397399902344,98891
2020-12-22,130.3000030517578,138.5,129.10000610351562,136.60000610351562,135.20631408691406,124142
2020-12-23,138.8000030517578,143.39999389648438,136.0500030517578,143.39999389648438,141.93692016601562,102753
2020-12-24,150.5500030517578,150.5500030517578,141.60000610351562,144.35000610351562,142.87725830078125,107233
2020-12-28,147.0,148.0,138.3000030517578,140.0,138.57162475585938,104316
2020-12-29,144.0,144.60000610351562,138.60000610351562,140.6999969482422,139.2644805908203,61898
2020-12-30,140.6999969482422,141.0,137.0500030517578,138.10000610351562,136.69100952148438,50667
2020-12-31,137.0,139.8000030517578,137.0,138.5,137.0869140625,57975
2021-01-01,137.0,144.85000610351562,137.0,139.14999389648438,137.73028564453125,81814
2021-01-04,142.89999389648438,142.89999389648438,136.60000610351562,137.9499969482422,136.5425262451172,186437
2021-01-05,140.8000030517578,140.8000030517578,135.64999389648438,137.0500030517578,135.65171813964844,60591
2021-01-06,139.89999389648438,139.89999389648438,134.14999389648438,134.8000030517578,133.4246826171875,106066
2021-01-07,134.89999389648438,141.5,134.89999389648438,141.5,140.0563201904297,63914
2021-01-08,148.5500030517578,148.5500030517578,137.6999969482422,139.6999969482422,138.27467346191406,108899
2021-01-11,143.5,143.5,133.0,138.39999389648438,136.98794555664062,105247
2021-01-12,138.39999389648438,138.39999389648438,133.60000610351562,136.39999389648438,135.0083465576172,56952
2021-01-13,138.0,140.85000610351562,135.9499969482422,138.3000030517578,136.8889617919922,75584
2021-01-14,139.14999389648438,139.14999389648438,135.5500030517578,137.1999969482422,135.80018615722656,36850
2021-01-15,137.25,138.35000610351562,135.0500030517578,135.6999969482422,134.31549072265625,32142
2021-01-18,135.89999389648438,137.10000610351562,133.35000610351562,134.0,132.63284301757812,30671
2021-01-19,134.60000610351562,138.60000610351562,134.5500030517578,136.75,135.3547821044922,28300
2021-01-20,137.8000030517578,138.3000030517578,133.75,135.5,134.11753845214844,22361
2021-01-21,136.0,138.6999969482422,130.6999969482422,132.5,131.14813232421875,38897
2021-01-22,134.0500030517578,134.0500030517578,130.0,130.85000610351562,129.51498413085938,30781
2021-01-25,133.5,133.5,126.0999984741211,127.4000015258789,126.10017395019531,27373
2021-01-27,131.0,131.0,123.0,126.6500015258789,125.35782623291016,48655
2021-01-28,123.69999694824219,126.5,123.0,124.9000015258789,123.62568664550781,26970
2021-01-29,130.89999389648438,130.89999389648438,125.44999694824219,127.44999694824219,126.14966583251953,19060
2021-02-01,127.75,128.1999969482422,125.1500015258789,127.0,125.70425415039062,29931
2021-02-02,129.0,129.3000030517578,124.0,125.94999694824219,124.66497039794922,44919
2021-02-03,128.5,132.1999969482422,126.05000305175781,132.1999969482422,130.85121154785156,21735
2021-02-04,138.8000030517578,138.8000030517578,130.0,131.10000610351562,129.76243591308594,67160
2021-02-05,135.39999389648438,135.39999389648438,130.0,131.1999969482422,129.8614044189453,26671
2021-02-08,135.5,135.5,132.5,134.1999969482422,132.83079528808594,43375
2021-02-09,134.39999389648438,146.64999389648438,134.0,140.85000610351562,139.41294860839844,215989
2021-02-10,147.0,148.0,142.1999969482422,143.5500030517578,142.0854034423828,185220
2021-02-11,145.0,146.89999389648438,142.39999389648438,143.64999389648438,142.1843719482422,90180
2021-02-12,145.0500030517578,145.0500030517578,138.4499969482422,140.4499969482422,139.01702880859375,68843
2021-02-15,140.4499969482422,142.4499969482422,134.10000610351562,136.0,134.61244201660156,54061
2021-02-16,137.3000030517578,149.0,137.3000030517578,144.0,142.53082275390625,172803
2021-02-17,143.9499969482422,143.9499969482422,136.5,138.89999389648438,137.48284912109375,58865
2021-02-18,140.0,144.8000030517578,137.5,141.5500030517578,140.10580444335938,87558
2021-02-19,140.64999389648438,143.39999389648438,138.6999969482422,139.8000030517578,138.37367248535156,52966
2021-02-22,141.0,143.0,136.1999969482422,136.6999969482422,135.3052978515625,35723
2021-02-23,138.0,140.8000030517578,136.60000610351562,137.75,136.34457397460938,37778
2021-02-24,139.89999389648438,142.0,137.3000030517578,139.25,137.82928466796875,17629
2021-02-25,140.89999389648438,148.0,139.10000610351562,145.0,143.52059936523438,267667
2021-02-26,144.0,157.75,139.64999389648438,151.75,150.2017364501953,359373
2021-03-01,155.0500030517578,166.89999389648438,155.0,166.89999389648438,165.19715881347656,361127
2021-03-02,173.0,183.5500030517578,171.10000610351562,183.5500030517578,181.67730712890625,893085
2021-03-03,187.89999389648438,190.64999389648438,174.39999389648438,175.5500030517578,173.75892639160156,440328
2021-03-04,172.0500030517578,174.0,167.5,168.25,166.53338623046875,147599
2021-03-05,169.0,176.64999389648438,161.35000610351562,166.8000030517578,165.0981903076172,241504
2021-03-08,169.89999389648438,171.8000030517578,160.5500030517578,162.75,161.08950805664062,98527
2021-03-09,164.0,170.85000610351562,163.0,164.6999969482422,163.0196075439453,130607
2021-03-10,165.60000610351562,168.0,159.4499969482422,160.85000610351562,159.2089080810547,98867
2021-03-12,164.0,164.0500030517578,158.0,158.9499969482422,157.32827758789062,120925
2021-03-15,163.6999969482422,163.6999969482422,153.0,154.1999969482422,152.62673950195312,94013
2021-03-16,157.3000030517578,161.85000610351562,151.5,159.3000030517578,157.67471313476562,137664
2021-03-17,160.0500030517578,161.0,151.35000610351562,151.5,149.95428466796875,93894
2021-03-18,155.0,155.0,143.9499969482422,144.35000610351562,142.87725830078125,94167
2021-03-19,141.14999389648438,147.75,137.25,141.14999389648438,139.7098846435547,124290
2021-03-22,143.6999969482422,144.39999389648438,139.75,141.1999969482422,139.75936889648438,111398
2021-03-23,142.6999969482422,148.25,141.14999389648438,147.85000610351562,146.34153747558594,104314
2021-03-24,146.9499969482422,149.8000030517578,141.10000610351562,142.5,141.04611206054688,74574
2021-03-25,142.0,145.0,136.0500030517578,137.5,136.09713745117188,88922
2021-03-26,138.64999389648438,143.1999969482422,138.0,139.25,137.82928466796875,88994
2021-03-30,139.3000030517578,143.5,134.25,136.60000610351562,135.20631408691406,91271
2021-03-31,137.39999389648438,143.39999389648438,134.5500030517578,143.39999389648438,141.93692016601562,122123
2021-04-01,146.3000030517578,150.5500030517578,143.64999389648438,150.5500030517578,149.0139923095703,77282
2021-04-05,153.0,157.0,145.3000030517578,154.60000610351562,153.0226593017578,172266
2021-04-06,155.39999389648438,160.89999389648438,152.5,155.25,153.66603088378906,119442
2021-04-07,156.10000610351562,158.8000030517578,152.25,153.0500030517578,151.4884796142578,56930
2021-04-08,153.89999389648438,168.35000610351562,153.89999389648438,165.39999389648438,163.7124786376953,370936
2021-04-09,167.9499969482422,168.89999389648438,157.0,158.35000610351562,156.73440551757812,130809
2021-04-12,156.0,156.0500030517578,145.10000610351562,147.25,145.74765014648438,84639
2021-04-13,150.89999389648438,152.89999389648438,147.39999389648438,151.85000610351562,150.30072021484375,68077
2021-04-15,151.0,154.9499969482422,147.0500030517578,151.3000030517578,149.75633239746094,61412
2021-04-16,155.9499969482422,156.35000610351562,148.0500030517578,149.3000030517578,147.7767333984375,114551
2021-04-19,145.25,147.85000610351562,142.5,143.5500030517578,142.0854034423828,74818
2021-04-20,144.3000030517578,149.0,143.0,143.89999389648438,142.43182373046875,38846
2021-04-22,143.89999389648438,147.5,140.25,145.3000030517578,143.8175506591797,47591
2021-04-23,149.0,149.0,144.5,145.25,143.76806640625,39858
2021-04-26,146.0,149.6999969482422,144.10000610351562,146.1999969482422,144.70835876464844,53975
2021-04-27,147.0,154.60000610351562,146.9499969482422,153.35000610351562,151.78541564941406,118048
2021-04-28,155.6999969482422,157.8000030517578,154.0,154.8000030517578,153.2206268310547,137710
2021-04-29,158.4499969482422,158.4499969482422,151.25,156.1999969482422,154.60633850097656,135792
2021-04-30,157.0,170.0,155.25,163.85000610351562,162.17828369140625,286637
2021-05-03,165.0,175.0,162.64999389648438,173.39999389648438,171.63084411621094,267305
2021-05-04,174.9499969482422,178.6999969482422,165.0,165.6999969482422,164.0093994140625,133432
2021-05-05,168.75,169.6999969482422,163.25,166.14999389648438,164.45481872558594,115852
2021-05-06,166.6999969482422,170.10000610351562,163.35000610351562,165.3000030517578,163.61349487304688,62212
2021-05-07,169.5,171.8000030517578,166.0,167.60000610351562,165.89002990722656,197369
2021-05-10,172.39999389648438,184.35000610351562,170.9499969482422,184.35000610351562,182.46913146972656,395720
2021-05-11,182.0500030517578,202.75,177.75,201.3000030517578,199.24620056152344,911679
2021-05-12,210.5,221.39999389648438,207.0500030517578,219.5500030517578,217.30999755859375,854723
2021-05-14,223.0,227.8000030517578,208.60000610351562,208.60000610351562,206.4717254638672,336388
2021-05-17,205.0,208.8000030517578,198.1999969482422,200.0,197.95945739746094,190953
2021-05-18,204.8000030517578,207.5500030517578,193.0,194.64999389648438,192.66403198242188,152858
2021-05-19,197.6999969482422,204.35000610351562,190.89999389648438,204.35000610351562,202.26507568359375,202844
2021-05-20,214.5,214.5,197.39999389648438,198.75,196.7222137451172,210426
2021-05-21,203.8000030517578,208.64999389648438,200.10000610351562,208.64999389648438,206.5211944580078,142676
2021-05-24,211.0,218.0,207.10000610351562,214.8000030517578,212.60845947265625,207300
2021-05-25,216.0,225.5,215.60000610351562,225.5,223.1992950439453,182936
2021-05-26,236.75,236.75,220.3000030517578,223.6999969482422,221.4176483154297,312995
2021-05-27,222.3000030517578,234.85000610351562,217.5,234.85000610351562,232.4539031982422,248735
2021-05-28,246.39999389648438,246.5500030517578,238.64999389648438,246.5500030517578,244.03453063964844,159604
2021-05-31,251.9499969482422,258.8500061035156,250.60000610351562,258.8500061035156,256.20904541015625,376745
2021-06-01,269.75,271.75,245.9499969482422,254.35000610351562,251.75494384765625,460245
2021-06-02,254.0,267.04998779296875,247.0,267.04998779296875,264.32537841796875,175174
2021-06-03,278.5,280.3999938964844,270.0,280.3999938964844,277.5391540527344,204272
2021-06-04,294.3999938964844,294.3999938964844,286.1000061035156,294.3999938964844,291.39630126953125,133289
2021-06-07,306.5,306.5,286.1499938964844,289.20001220703125,286.2493896484375,400467
2021-06-08,289.8999938964844,291.6499938964844,275.0,276.54998779296875,273.72845458984375,197935
2021-06-09,263.0,290.3500061035156,263.0,284.1000061035156,281.201416015625,302331
2021-06-10,283.75,297.3999938964844,283.75,293.79998779296875,290.80242919921875,153819
2021-06-11,296.1499938964844,302.0,287.5,294.8999938964844,291.8912353515625,123481
2021-06-14,296.0,304.1000061035156,280.5,295.8999938964844,292.88104248046875,160659
2021-06-15,298.25,299.8999938964844,286.3500061035156,290.8999938964844,287.9320373535156,84999
2021-06-16,291.1000061035156,293.95001220703125,282.0,283.1499938964844,280.2611083984375,85226
2021-06-17,271.54998779296875,297.29998779296875,271.54998779296875,285.3500061035156,282.43865966796875,307960
2021-06-18,291.0,291.04998779296875,271.1000061035156,277.6000061035156,274.7677307128906,174894
2021-06-21,272.1000061035156,285.0,272.1000061035156,280.95001220703125,278.08355712890625,113292
2021-06-22,284.0,286.5,273.6499938964844,275.70001220703125,272.88714599609375,82074
2021-06-23,279.20001220703125,282.0,268.1499938964844,271.1000061035156,268.33404541015625,122038
2021-06-24,274.0,275.95001220703125,261.5,263.1000061035156,260.4156799316406,72516
2021-06-25,267.0,276.25,265.1000061035156,276.25,273.4315185546875,83641
2021-06-28,290.04998779296875,290.04998779296875,278.20001220703125,281.25,278.3804931640625,389064
2021-06-29,281.25,284.79998779296875,268.20001220703125,271.29998779296875,268.5320129394531,129232
2021-06-30,276.5,282.25,271.8500061035156,279.5,276.6483459472656,157479
2021-07-01,283.8999938964844,283.8999938964844,275.25,279.8500061035156,276.9947814941406,59308
2021-07-02,281.20001220703125,283.0,272.04998779296875,274.1499938964844,271.3529357910156,68079
2021-07-05,278.20001220703125,281.3500061035156,272.1000061035156,273.6000061035156,270.80853271484375,94884
2021-07-06,275.0,277.54998779296875,264.3500061035156,267.25,264.5233154296875,92739
2021-07-07,269.8500061035156,279.3999938964844,261.3500061035156,273.5,270.7095642089844,135419
2021-07-08,274.29998779296875,274.29998779296875,264.0,264.8500061035156,262.1477966308594,89212
2021-07-09,266.70001220703125,268.1499938964844,262.29998779296875,264.1000061035156,261.4054870605469,59721
2021-07-12,267.0,274.79998779296875,262.3999938964844,272.70001220703125,269.9177551269531,150544
2021-07-13,275.8999938964844,278.70001220703125,270.20001220703125,271.3999938964844,268.6309814453125,59481
2021-07-14,272.5,275.6000061035156,269.25,269.8999938964844,267.14630126953125,39721
2021-07-15,274.0,274.0,266.0,266.8500061035156,264.1274108886719,48845
2021-07-16,273.0,273.0,263.5,264.6499938964844,261.9498596191406,44401
2021-07-19,264.45001220703125,268.0,262.6000061035156,263.75,261.05902099609375,52568
2021-07-20,263.75,265.79998779296875,258.0,260.8500061035156,258.1886291503906,72894
2021-07-22,260.0,264.0,258.0,259.3999938964844,256.75341796875,51668
2021-07-23,260.0,264.04998779296875,258.79998779296875,261.25,258.5845642089844,32244
2021-07-26,261.25,274.29998779296875,260.0,274.29998779296875,271.5013732910156,85904
2021-07-27,278.95001220703125,285.0,270.6000061035156,271.79998779296875,269.0268859863281,145382
2021-07-28,274.79998779296875,277.0,265.75,273.8999938964844,271.10546875,110252
2021-07-29,276.0,287.54998779296875,272.1000061035156,287.54998779296875,284.6162109375,270598
2021-07-30,297.0,301.8999938964844,290.6499938964844,297.5,294.4646911621094,510774
2021-08-02,302.0,311.6499938964844,295.1000061035156,299.3999938964844,296.3453063964844,430816
2021-08-03,299.3999938964844,301.6000061035156,288.54998779296875,293.79998779296875,290.80242919921875,115662
2021-08-04,293.5,300.95001220703125,288.6499938964844,291.6499938964844,288.67437744140625,162690
2021-08-05,295.0,302.6499938964844,282.6499938964844,290.79998779296875,287.8330383300781,162818
2021-08-06,301.8500061035156,309.6499938964844,295.0,297.29998779296875,294.2667236328125,270861
2021-08-09,305.0,315.0,296.5,298.95001220703125,295.89990234375,261961
2021-08-10,301.0,303.5,279.0,281.3500061035156,278.4794921875,213224
2021-08-11,278.0,284.6499938964844,254.25,268.75,266.0080261230469,268718
2021-08-12,271.0,283.0,271.0,276.8999938964844,274.0748596191406,94544
2021-08-13,277.0,280.04998779296875,269.04998779296875,270.45001220703125,267.6907043457031,77413
2021-08-16,277.0,278.5,270.70001220703125,272.45001220703125,269.6702880859375,46342
2021-08-17,270.0,279.45001220703125,268.70001220703125,271.25,268.4825134277344,78288
2021-08-18,275.0,277.0,261.1499938964844,265.3999938964844,262.6921691894531,88125
2021-08-20,270.0,277.1000061035156,261.45001220703125,263.29998779296875,260.6136169433594,270691
2021-08-23,273.8999938964844,273.8999938964844,238.89999389648438,245.64999389648438,243.14370727539062,128707
2021-08-24,248.89999389648438,259.8500061035156,246.5500030517578,251.14999389648438,248.58758544921875,105588
2021-08-25,254.89999389648438,257.70001220703125,248.60000610351562,251.3000030517578,248.73606872558594,42593
2021-08-26,255.35000610351562,255.35000610351562,248.5,250.35000610351562,247.79576110839844,20674
2021-08-27,255.89999389648438,255.89999389648438,242.0,252.6999969482422,250.1217803955078,44804
2021-08-30,256.0,258.8999938964844,250.0,251.6999969482422,249.13197326660156,45057
2021-08-31,251.5,255.75,248.0,250.0,247.44932556152344,62428
2021-09-01,251.0,251.85000610351562,246.10000610351562,248.10000610351562,245.5687255859375,50071
2021-09-02,246.1999969482422,254.1999969482422,246.0500030517578,252.4499969482422,249.87432861328125,49222
2021-09-03,257.0,257.0,252.64999389648438,254.0,251.40850830078125,35392
2021-09-06,257.0,259.8999938964844,254.0,258.29998779296875,255.66464233398438,85431
2021-09-07,260.8999938964844,275.8999938964844,258.0,271.79998779296875,270.74591064453125,263368
2021-09-08,276.3999938964844,282.0,264.0,266.6000061035156,265.56610107421875,94787
2021-09-09,263.0,268.0,256.3500061035156,263.29998779296875,262.27886962890625,67742
2021-09-13,267.20001220703125,267.95001220703125,261.6000061035156,263.1000061035156,262.0796813964844,54774
2021-09-14,263.20001220703125,267.0,263.1499938964844,263.95001220703125,262.9263916015625,34240
2021-09-15,262.54998779296875,267.75,261.04998779296875,263.04998779296875,262.02984619140625,40953
2021-09-16,263.04998779296875,266.79998779296875,262.1000061035156,263.1000061035156,262.0796813964844,26908
2021-09-17,265.8999938964844,266.3500061035156,253.5,255.5500030517578,254.55894470214844,59841
2021-09-20,250.1999969482422,264.0,241.0,246.14999389648438,245.1953887939453,121791
2021-09-21,247.0,254.39999389648438,242.85000610351562,249.35000610351562,248.38299560546875,72526
2021-09-22,250.0,253.3000030517578,247.25,251.1999969482422,250.22581481933594,40437
2021-09-23,252.0,256.8999938964844,250.10000610351562,251.85000610351562,250.87330627441406,45993
2021-09-24,250.5500030517578,254.3000030517578,235.35000610351562,242.64999389648438,241.70896911621094,45913
2021-09-27,235.5500030517578,245.75,235.5500030517578,237.14999389648438,236.2303009033203,71858
2021-09-28,239.75,251.0,237.89999389648438,246.64999389648438,245.69345092773438,82976
2021-09-29,241.3000030517578,253.9499969482422,239.75,242.9499969482422,242.0078125,74079
2021-09-30,243.0,253.0,242.8000030517578,243.8000030517578,242.85452270507812,98351
2021-10-01,244.0,253.89999389648438,240.8000030517578,251.3000030517578,250.325439453125,99883
2021-10-04,254.75,261.5,251.0500030517578,256.70001220703125,255.70449829101562,114158
2021-10-05,258.0,262.0,257.1499938964844,259.54998779296875,258.5434265136719,42945
2021-10-06,263.0,263.0,250.25,252.64999389648438,251.67018127441406,44421
2021-10-07,259.0,274.0,257.0,263.6499938964844,262.6275329589844,168421
2021-10-08,264.8999938964844,279.8999938964844,264.8999938964844,271.5,270.44708251953125,205410
2021-10-11,274.8999938964844,319.0,273.04998779296875,299.1499938964844,297.9898681640625,980189
2021-10-12,303.0,315.0,301.95001220703125,306.04998779296875,304.86309814453125,408720
2021-10-13,309.0,309.0,293.0,294.1499938964844,293.0092468261719,135628
2021-10-14,296.70001220703125,298.45001220703125,284.1000061035156,285.3999938964844,284.2931823730469,117573
2021-10-18,286.54998779296875,305.0,285.54998779296875,295.1499938964844,294.00537109375,191457
2021-10-19,297.95001220703125,297.95001220703125,280.04998779296875,283.75,282.64959716796875,72961
2021-10-20,278.0,284.8500061035156,262.20001220703125,268.70001220703125,267.657958984375,115304
2021-10-21,271.5,283.79998779296875,269.0,279.8999938964844,278.81451416015625,145035
2021-10-22,282.0,287.0,255.64999389648438,262.95001220703125,261.9302673339844,186526
2021-10-25,265.0,268.04998779296875,255.60000610351562,261.25,260.2368469238281,64841
2021-10-26,262.0,271.1000061035156,261.1499938964844,269.79998779296875,268.753662109375,37625
2021-10-27,286.0,286.0,272.25,274.6499938964844,273.5848693847656,134569
2021-10-28,277.0,278.79998779296875,260.0,261.8500061035156,260.83453369140625,48350
2021-10-29,267.0,269.04998779296875,259.0,261.95001220703125,260.93414306640625,53573
2021-11-01,266.0,275.0,260.0,267.25,266.21356201171875,64855
2021-11-02,269.0,270.6499938964844,264.6000061035156,268.45001220703125,267.408935546875,38359
2021-11-03,269.0,270.95001220703125,255.5,259.45001220703125,258.44384765625,59130
2021-11-04,265.70001220703125,268.0,259.6000061035156,266.25,265.2174377441406,15587
2021-11-08,269.0,269.0,261.8500061035156,266.0,264.9684143066406,28192
2021-11-09,266.0,271.1499938964844,265.04998779296875,268.3500061035156,267.309326171875,41508
2021-11-10,268.5,271.0,262.0,264.1499938964844,263.1255798339844,35063
2021-11-11,265.5,274.8500061035156,261.3500061035156,269.29998779296875,268.255615234375,70409
2021-11-12,267.0,273.75,265.5,268.20001220703125,267.159912109375,35608
2021-11-15,262.0,266.8999938964844,252.0,260.1000061035156,259.09130859375,117241
2021-11-16,260.0,263.0,256.5,258.6000061035156,257.5971374511719,50761
2021-11-17,260.3999938964844,260.3999938964844,254.39999389648438,255.0500030517578,254.06088256835938,28383
2021-11-18,248.25,257.04998779296875,247.5,252.3000030517578,251.32154846191406,62341
2021-11-22,257.79998779296875,257.79998779296875,240.1999969482422,244.14999389648438,243.20315551757812,56064
2021-11-23,242.8000030517578,249.0,238.0,243.75,242.80470275878906,42178
2021-11-24,244.1999969482422,260.3500061035156,244.1999969482422,252.6999969482422,251.72000122070312,44976
2021-11-25,256.5,259.0,241.25,247.6999969482422,247.6999969482422,38187
2021-11-26,245.0,245.9499969482422,237.60000610351562,240.6999969482422,240.6999969482422,36120
2021-11-29,239.9499969482422,240.64999389648438,209.39999389648438,223.89999389648438,223.89999389648438,52948
2021-11-30,223.0,235.0,219.0,229.25,229.25,48266
2021-12-01,229.25,231.89999389648438,215.5,227.1999969482422,227.1999969482422,116901
2021-12-02,228.3000030517578,233.39999389648438,228.3000030517578,230.0,230.0,28553
2021-12-03,231.35000610351562,235.6999969482422,229.0500030517578,230.6999969482422,230.6999969482422,30436
2021-12-06,231.0,239.39999389648438,228.35000610351562,234.89999389648438,234.89999389648438,75036
2021-12-07,237.25,237.4499969482422,231.0500030517578,233.60000610351562,233.60000610351562,31111
2021-12-08,236.60000610351562,236.89999389648438,233.3000030517578,235.9499969482422,235.9499969482422,20392
2021-12-09,239.10000610351562,239.10000610351562,233.5,234.35000610351562,234.35000610351562,15399
2021-12-10,236.60000610351562,238.60000610351562,232.0,233.35000610351562,233.35000610351562,27508
2021-12-13,231.10000610351562,235.64999389648438,230.60000610351562,231.25,231.25,29582
2021-12-14,230.75,235.4499969482422,230.5500030517578,233.85000610351562,233.85000610351562,17597
2021-12-15,235.0500030517578,280.6000061035156,235.0500030517578,280.6000061035156,280.6000061035156,744846
2021-12-16,295.0,308.3999938964844,263.8500061035156,267.79998779296875,267.79998779296875,979258
2021-12-17,272.04998779296875,276.0,253.0,261.29998779296875,261.29998779296875,205115
2021-12-20,258.5,259.8999938964844,238.14999389648438,241.14999389648438,241.14999389648438,85463
2021-12-21,240.3000030517578,277.8999938964844,240.3000030517578,257.54998779296875,257.54998779296875,633376
2021-12-22,255.6999969482422,264.79998779296875,253.6999969482422,260.79998779296875,260.79998779296875,103205
2021-12-23,261.0,262.8999938964844,251.5,254.6999969482422,254.6999969482422,90357
2021-12-24,261.0,274.5,252.0,265.3999938964844,265.3999938964844,282869
2021-12-27,265.3999938964844,276.0,260.6499938964844,267.20001220703125,267.20001220703125,164034
2021-12-28,273.5,273.5,264.1000061035156,266.1499938964844,266.1499938964844,73004
2021-12-29,266.5,270.8999938964844,258.20001220703125,260.20001220703125,260.20001220703125,55022
2021-12-30,263.8999938964844,265.04998779296875,256.54998779296875,258.1499938964844,258.1499938964844,47122
2021-12-31,259.8999938964844,263.0,257.20001220703125,257.95001220703125,257.95001220703125,37323
2022-01-03,258.0,261.79998779296875,255.35000610351562,257.04998779296875,257.04998779296875,53218
2022-01-04,257.1000061035156,260.29998779296875,250.1999969482422,252.5,252.5,76294
2022-01-05,252.0,261.04998779296875,252.0,257.1000061035156,257.1000061035156,57706
2022-01-06,257.1000061035156,263.45001220703125,255.0500030517578,259.79998779296875,259.79998779296875,44220
2022-01-07,263.0,264.79998779296875,255.10000610351562,256.3500061035156,256.3500061035156,47609
2022-01-10,258.0,264.54998779296875,256.79998779296875,258.75,258.75,79865
2022-01-11,260.75,261.0,256.6000061035156,256.8500061035156,256.8500061035156,50059
2022-01-12,259.79998779296875,264.3500061035156,257.04998779296875,258.20001220703125,258.20001220703125,59065
2022-01-13,258.0,268.8500061035156,258.0,264.5,264.5,91175
2022-01-14,266.8999938964844,270.0,257.25,259.8999938964844,259.8999938964844,60481
2022-01-17,261.70001220703125,267.8999938964844,260.04998779296875,263.45001220703125,263.45001220703125,43663
2022-01-18,265.79998779296875,274.0,263.0,263.45001220703125,263.45001220703125,116070
2022-01-19,265.75,266.8500061035156,261.0,262.3999938964844,262.3999938964844,32430
2022-01-20,264.0,274.04998779296875,262.8500061035156,267.29998779296875,267.29998779296875,62998
2022-01-21,265.29998779296875,269.6000061035156,256.0,259.1000061035156,259.1000061035156,40919
2022-01-24,258.0,259.6499938964844,239.0,242.1999969482422,242.1999969482422,55166
2022-01-25,244.60000610351562,253.10000610351562,240.0,245.85000610351562,245.85000610351562,36673
2022-01-27,248.0,249.0,241.1999969482422,243.6999969482422,243.6999969482422,27344
2022-01-28,245.0,253.25,245.0,246.5500030517578,246.5500030517578,34814
2022-01-31,247.0,252.3000030517578,245.0,247.3000030517578,247.3000030517578,15275
2022-02-01,247.0500030517578,260.0,245.0,249.89999389648438,249.89999389648438,49673
2022-02-02,253.0,270.1000061035156,252.9499969482422,262.75,262.75,145175
2022-02-03,264.0,270.0,260.5,261.6000061035156,261.6000061035156,55212
2022-02-04,265.5,265.5,254.0500030517578,258.04998779296875,258.04998779296875,39311
2022-02-07,248.5,259.45001220703125,232.35000610351562,244.8000030517578,244.8000030517578,146544
2022-02-08,247.5,248.35000610351562,237.14999389648438,239.1999969482422,239.1999969482422,39409
2022-02-09,244.8000030517578,244.8000030517578,235.0,237.5500030517578,237.5500030517578,80926
2022-02-10,239.0,242.5500030517578,235.3000030517578,239.6999969482422,239.6999969482422,47398
2022-02-11,239.6999969482422,241.10000610351562,235.35000610351562,237.8000030517578,237.8000030517578,25907
2022-02-14,233.0500030517578,234.10000610351562,226.8000030517578,228.85000610351562,228.85000610351562,37223
2022-02-15,229.0,234.0,224.39999389648438,226.39999389648438,226.39999389648438,24797
2022-02-16,230.0,234.9499969482422,227.39999389648438,228.9499969482422,228.9499969482422,17303
2022-02-17,230.0,231.3000030517578,224.75,225.60000610351562,225.60000610351562,21958
2022-02-18,225.14999389648438,229.0,222.0,222.64999389648438,222.64999389648438,19348
2022-02-21,222.0,222.0,208.25,210.10000610351562,210.10000610351562,37603
2022-02-22,208.1999969482422,251.89999389648438,198.4499969482422,248.5500030517578,248.5500030517578,734447
2022-02-23,248.6999969482422,252.0,223.10000610351562,225.60000610351562,225.60000610351562,328794
2022-02-24,210.0,220.9499969482422,191.0,194.8000030517578,194.8000030517578,253962
2022-02-25,205.0,214.4499969482422,200.6999969482422,205.10000610351562,205.10000610351562,117225
2022-02-28,207.39999389648438,224.89999389648438,199.3000030517578,218.10000610351562,218.10000610351562,177925
2022-03-02,218.10000610351562,254.75,213.9499969482422,240.5500030517578,240.5500030517578,574165
2022-03-03,239.6999969482422,260.8999938964844,236.4499969482422,243.60000610351562,243.60000610351562,329303
2022-03-04,239.0,255.0,234.5,239.0,239.0,257340
2022-03-07,239.0,243.25,228.10000610351562,231.1999969482422,231.1999969482422,97228
2022-03-08,231.1999969482422,245.10000610351562,230.3000030517578,240.1999969482422,240.1999969482422,84490
2022-03-09,240.0,245.39999389648438,238.5,240.6999969482422,240.6999969482422,55738
2022-03-10,245.0,245.0,235.0,237.35000610351562,237.35000610351562,45079
2022-03-11,237.9499969482422,244.0,228.35000610351562,231.10000610351562,231.10000610351562,122179
2022-03-14,233.0,238.0,225.0,231.0,231.0,67289
2022-03-15,232.0,232.0,225.0,226.10000610351562,226.10000610351562,59606
2022-03-16,226.5,232.25,224.14999389648438,229.10000610351562,229.10000610351562,79927
2022-03-17,230.0,232.39999389648438,225.5500030517578,227.14999389648438,227.14999389648438,48819
2022-03-21,225.3000030517578,233.9499969482422,225.3000030517578,229.0,229.0,57393
2022-03-22,230.25,231.35000610351562,226.35000610351562,228.8000030517578,228.8000030517578,44074
2022-03-23,231.6999969482422,233.0,221.5,223.89999389648438,223.89999389648438,37120
2022-03-24,227.0,230.0,224.10000610351562,225.8000030517578,225.8000030517578,39281
2022-03-25,227.8000030517578,228.5500030517578,221.85000610351562,222.39999389648438,222.39999389648438,31573
2022-03-28,224.39999389648438,226.14999389648438,213.10000610351562,214.75,214.75,74987
2022-03-29,224.4499969482422,224.4499969482422,214.0,214.8000030517578,214.8000030517578,86624
2022-03-30,218.0,222.5,212.0,213.64999389648438,213.64999389648438,60980
2022-03-31,218.60000610351562,218.60000610351562,207.0,208.6999969482422,208.6999969482422,74798
2022-04-01,209.10000610351562,225.5,208.9499969482422,218.60000610351562,218.60000610351562,145815
2022-04-04,221.89999389648438,225.0,219.9499969482422,222.75,222.75,46852
2022-04-05,226.8000030517578,238.8000030517578,223.0500030517578,231.9499969482422,231.9499969482422,119771
2022-04-06,234.0,238.75,226.14999389648438,228.1999969482422,228.1999969482422,131886
2022-04-07,228.3000030517578,237.75,225.64999389648438,229.9499969482422,229.9499969482422,133438
2022-04-08,234.8000030517578,235.4499969482422,230.25,233.0500030517578,233.0500030517578,51153
2022-04-11,234.1999969482422,235.6999969482422,228.14999389648438,230.6999969482422,230.6999969482422,53678
2022-04-12,230.35000610351562,232.10000610351562,222.1999969482422,223.8000030517578,223.8000030517578,39547
2022-04-13,227.64999389648438,227.85000610351562,220.0,223.1999969482422,223.1999969482422,44749
2022-04-18,217.25,223.0,217.0,220.8000030517578,220.8000030517578,33692
2022-04-19,220.10000610351562,240.0,220.10000610351562,229.5,229.5,262133
2022-04-20,232.3000030517578,233.75,223.0,225.6999969482422,225.6999969482422,53089
2022-04-21,226.89999389648438,232.0500030517578,226.89999389648438,229.8000030517578,229.8000030517578,25399
2022-04-22,226.35000610351562,231.9499969482422,225.89999389648438,227.5500030517578,227.5500030517578,25142
2022-04-25,227.5500030517578,227.5500030517578,218.10000610351562,219.35000610351562,219.35000610351562,27953
2022-04-26,222.64999389648438,224.25,214.60000610351562,216.14999389648438,216.14999389648438,42640
2022-04-27,217.0,219.10000610351562,211.60000610351562,214.9499969482422,214.9499969482422,45677
2022-04-28,217.60000610351562,240.0,215.1999969482422,230.0500030517578,230.0500030517578,457933
2022-04-29,231.89999389648438,236.8000030517578,221.14999389648438,223.35000610351562,223.35000610351562,108788
2022-05-02,220.0,224.5,215.0,218.75,218.75,29082
2022-05-04,219.10000610351562,262.5,219.10000610351562,237.0500030517578,237.0500030517578,967448
2022-05-05,237.0500030517578,239.0500030517578,228.14999389648438,232.39999389648438,232.39999389648438,123957
2022-05-06,224.8000030517578,230.0,219.0500030517578,221.0,221.0,102825
2022-05-09,221.9499969482422,227.5,216.6999969482422,225.35000610351562,225.35000610351562,94278
2022-05-10,227.89999389648438,232.5500030517578,214.0,218.14999389648438,218.14999389648438,68946
2022-05-11,217.0,221.5,199.25,203.35000610351562,203.35000610351562,83684
2022-05-12,206.60000610351562,206.60000610351562,192.4499969482422,194.3000030517578,194.3000030517578,60708
2022-05-13,200.9499969482422,208.0,198.0,203.5500030517578,203.5500030517578,50987
2022-05-16,206.0,210.25,199.89999389648438,203.5500030517578,203.5500030517578,40974
2022-05-17,206.9499969482422,211.0,204.6999969482422,209.3000030517578,209.3000030517578,43321
2022-05-18,215.0,216.5,205.85000610351562,207.1999969482422,207.1999969482422,41566
2022-05-19,203.0,208.1999969482422,190.0,202.10000610351562,202.10000610351562,35665
2022-05-20,206.9499969482422,234.5,206.25,217.75,217.75,474931
2022-05-23,205.8000030517578,215.39999389648438,198.75,199.89999389648438,199.89999389648438,160175
2022-05-24,202.5,206.60000610351562,197.5500030517578,198.5500030517578,198.5500030517578,49390
2022-05-25,198.0,203.4499969482422,195.0,196.10000610351562,196.10000610351562,51553
2022-05-26,199.0,201.0,191.0,199.1999969482422,199.1999969482422,74873
2022-05-27,202.1999969482422,202.1999969482422,196.0,200.10000610351562,200.10000610351562,46751
2022-05-30,203.5,204.85000610351562,198.0,199.8000030517578,199.8000030517578,51159
2022-05-31,200.0,202.8000030517578,197.5,197.9499969482422,197.9499969482422,46810
2022-06-01,200.0,202.0,197.14999389648438,198.5500030517578,198.5500030517578,26355
2022-06-02,199.5500030517578,202.0,198.0,198.85000610351562,198.85000610351562,27732
2022-06-03,202.0,202.14999389648438,196.0500030517578,197.35000610351562,197.35000610351562,18243
2022-06-06,198.0,198.85000610351562,193.5,195.5,195.5,26662
2022-06-07,194.64999389648438,197.0,193.5500030517578,194.64999389648438,194.64999389648438,14335
2022-06-08,193.0,201.14999389648438,190.14999389648438,199.0,199.0,39725
2022-06-09,198.14999389648438,200.64999389648438,192.25,195.8000030517578,195.8000030517578,34026
2022-06-10,194.0,197.0,192.8000030517578,193.35000610351562,193.35000610351562,16654
2022-06-13,190.0,190.60000610351562,179.14999389648438,183.85000610351562,183.85000610351562,41721
2022-06-14,183.85000610351562,189.10000610351562,182.14999389648438,183.60000610351562,183.60000610351562,23451
2022-06-15,185.8000030517578,187.14999389648438,180.0,182.8000030517578,182.8000030517578,88091
2022-06-16,185.35000610351562,186.9499969482422,166.8000030517578,169.6999969482422,169.6999969482422,66408
2022-06-17,170.0,199.89999389648438,166.64999389648438,190.10000610351562,190.10000610351562,591162
2022-06-20,188.85000610351562,188.85000610351562,170.5,174.6999969482422,174.6999969482422,101677
2022-06-21,177.85000610351562,183.0,177.85000610351562,179.0500030517578,179.0500030517578,48689
2022-06-22,178.0,183.3000030517578,172.25,173.64999389648438,173.64999389648438,94636
2022-06-23,173.25,179.25,172.1999969482422,174.75,174.75,58656
2022-06-24,177.89999389648438,200.0,177.89999389648438,192.39999389648438,192.39999389648438,641358
2022-06-27,193.0,194.4499969482422,187.0,192.39999389648438,192.39999389648438,101907
2022-06-28,191.0,191.85000610351562,188.0,189.8000030517578,189.8000030517578,31687
2022-06-29,187.9499969482422,190.9499969482422,186.10000610351562,187.85000610351562,187.85000610351562,18656
2022-06-30,189.35000610351562,192.9499969482422,187.0,188.10000610351562,188.10000610351562,37080
2022-07-01,189.60000610351562,205.75,189.0,192.89999389648438,192.89999389648438,573379
2022-07-04,193.89999389648438,194.9499969482422,188.1999969482422,189.85000610351562,189.85000610351562,47367
2022-07-05,193.4499969482422,226.64999389648438,188.0,196.25,196.25,458996
2022-07-06,198.4499969482422,198.4499969482422,192.3000030517578,195.85000610351562,195.85000610351562,55252
2022-07-07,197.0,199.14999389648438,195.0500030517578,197.0500030517578,197.0500030517578,40630
2022-07-08,203.8000030517578,205.4499969482422,194.3000030517578,195.39999389648438,195.39999389648438,68719
2022-07-11,197.0,198.0500030517578,192.60000610351562,196.5500030517578,196.5500030517578,36459
2022-07-12,196.5500030517578,198.5,192.64999389648438,197.39999389648438,197.39999389648438,28564
2022-07-13,195.60000610351562,198.0,193.60000610351562,194.5500030517578,194.5500030517578,11994
2022-07-14,194.5500030517578,196.64999389648438,191.35000610351562,193.1999969482422,193.1999969482422,21554
2022-07-15,193.1999969482422,197.5,192.85000610351562,195.0500030517578,195.0500030517578,29122
2022-07-18,196.0,197.35000610351562,195.10000610351562,196.10000610351562,196.10000610351562,14330
2022-07-19,196.5500030517578,206.0,196.5500030517578,199.5,199.5,90402
2022-07-20,203.4499969482422,203.4499969482422,198.10000610351562,198.6999969482422,198.6999969482422,24344
2022-07-21,198.85000610351562,203.0,198.85000610351562,199.5500030517578,199.5500030517578,14055
2022-07-22,201.0,204.5,196.8000030517578,198.25,198.25,28347
2022-07-25,198.75,201.5,195.35000610351562,199.0500030517578,199.0500030517578,32916
2022-07-26,200.0,200.64999389648438,196.0,197.35000610351562,197.35000610351562,14085
2022-07-27,202.5,202.5,198.14999389648438,199.60000610351562,199.60000610351562,11468
2022-07-28,200.35000610351562,207.0,196.0500030517578,199.9499969482422,199.9499969482422,124070
2022-07-29,203.85000610351562,205.5,199.1999969482422,200.8000030517578,200.8000030517578,44462
2022-08-01,202.60000610351562,205.39999389648438,199.1999969482422,201.25,201.25,41455
2022-08-02,201.25,207.6999969482422,201.25,202.85000610351562,202.85000610351562,78065
2022-08-03,205.6999969482422,209.8000030517578,202.3000030517578,203.39999389648438,203.39999389648438,84659
2022-08-04,197.0500030517578,203.39999389648438,197.0500030517578,199.39999389648438,199.39999389648438,109224
2022-08-05,202.10000610351562,202.10000610351562,197.5500030517578,198.0,198.0,24347
2022-08-08,198.9499969482422,200.0,195.0,195.8000030517578,195.8000030517578,15562
2022-08-10,197.9499969482422,199.4499969482422,193.0,194.1999969482422,194.1999969482422,27435
2022-08-11,194.8000030517578,196.39999389648438,191.25,193.0500030517578,193.0500030517578,14923
2022-08-12,194.0,195.14999389648438,192.0,192.6999969482422,192.6999969482422,21460
2022-08-16,194.60000610351562,195.25,192.0,193.60000610351562,193.60000610351562,16037
2022-08-17,194.9499969482422,199.6999969482422,193.0,196.39999389648438,196.39999389648438,40940
2022-08-18,197.14999389648438,198.8000030517578,195.0,196.3000030517578,196.3000030517578,25730
2022-08-19,197.0,197.8000030517578,192.5500030517578,193.5500030517578,193.5500030517578,20271
2022-08-22,193.35000610351562,193.5500030517578,189.0,189.4499969482422,189.4499969482422,22849
2022-08-23,189.4499969482422,193.14999389648438,189.4499969482422,190.60000610351562,190.60000610351562,21183
2022-08-24,192.5,192.8000030517578,189.75,190.8000030517578,190.8000030517578,20061
2022-08-25,193.4499969482422,196.0,190.10000610351562,192.4499969482422,192.4499969482422,26664
2022-08-26,194.5500030517578,207.0,192.0500030517578,204.1999969482422,204.1999969482422,290255
2022-08-29,199.0,202.75,195.6999969482422,201.0500030517578,201.0500030517578,54044
2022-08-30,204.85000610351562,211.75,203.0,207.4499969482422,207.4499969482422,164281
2022-09-01,207.4499969482422,207.4499969482422,197.0,198.39999389648438,198.39999389648438,54007
2022-09-02,202.39999389648438,202.5500030517578,199.10000610351562,199.75,199.75,24164
2022-09-05,204.75,210.9499969482422,202.14999389648438,205.0500030517578,205.0500030517578,84033
2022-09-06,206.85000610351562,215.0500030517578,206.1999969482422,208.1999969482422,208.1999969482422,56596
2022-09-07,208.0,209.14999389648438,205.0,208.0500030517578,208.0500030517578,25481
2022-09-08,209.0,210.0,204.14999389648438,205.14999389648438,205.14999389648438,23171
2022-09-09,205.5,212.8000030517578,203.1999969482422,204.4499969482422,204.4499969482422,36668
2022-09-12,207.5,208.25,201.1999969482422,201.89999389648438,201.89999389648438,40820
2022-09-13,205.8000030517578,205.8000030517578,201.60000610351562,203.3000030517578,203.3000030517578,37225
2022-09-14,202.0500030517578,215.64999389648438,198.0500030517578,205.0500030517578,205.0500030517578,65647
2022-09-15,205.0500030517578,215.0,203.39999389648438,210.64999389648438,210.64999389648438,116295
2022-09-16,212.75,223.25,210.8000030517578,212.6999969482422,212.6999969482422,258239
2022-09-19,215.0500030517578,215.89999389648438,206.0,207.85000610351562,207.85000610351562,37333
2022-09-20,210.0,212.0500030517578,203.0500030517578,205.5500030517578,205.5500030517578,33772
2022-09-21,204.25,208.0500030517578,197.8000030517578,198.89999389648438,198.89999389648438,68494
2022-09-22,200.89999389648438,206.9499969482422,196.0,197.8000030517578,197.8000030517578,74196
2022-09-23,200.75,203.0,193.10000610351562,195.60000610351562,195.60000610351562,54241
2022-09-26,193.0,195.14999389648438,185.0,188.4499969482422,188.4499969482422,33900
2022-09-27,190.0,192.9499969482422,186.0,186.6999969482422,186.6999969482422,22964
2022-09-28,186.6999969482422,188.0,183.6999969482422,185.85000610351562,185.85000610351562,14541
2022-09-29,189.89999389648438,191.8000030517578,182.1999969482422,183.14999389648438,183.14999389648438,28842
2022-09-30,183.14999389648438,191.0500030517578,182.1999969482422,188.60000610351562,188.60000610351562,25906
2022-10-03,189.89999389648438,189.89999389648438,179.14999389648438,181.10000610351562,181.10000610351562,48944
2022-10-04,186.35000610351562,188.8000030517578,182.5500030517578,185.9499969482422,185.9499969482422,21804
2022-10-06,188.89999389648438,189.60000610351562,186.0,188.35000610351562,188.35000610351562,22150
2022-10-07,188.5,189.0,185.0,188.39999389648438,188.39999389648438,25506
2022-10-10,187.4499969482422,194.3000030517578,185.5500030517578,191.1999969482422,191.1999969482422,15424
2022-10-11,194.0,194.64999389648438,185.10000610351562,188.25,188.25,24797
2022-10-12,191.5,191.5,185.0,186.89999389648438,186.89999389648438,14151
2022-10-13,186.64999389648438,189.0,184.85000610351562,185.1999969482422,185.1999969482422,10850
2022-10-14,187.8000030517578,189.0,185.5,186.0500030517578,186.0500030517578,10958
2022-10-17,185.4499969482422,186.64999389648438,183.0,183.89999389648438,183.89999389648438,7602
2022-10-18,185.89999389648438,189.0,183.10000610351562,185.60000610351562,185.60000610351562,12111
2022-10-19,186.89999389648438,187.0500030517578,182.10000610351562,183.9499969482422,183.9499969482422,11942
2022-10-20,184.0,187.5,182.35000610351562,185.14999389648438,185.14999389648438,11553
2022-10-21,185.0,185.89999389648438,178.5500030517578,179.6999969482422,179.6999969482422,35003
2022-10-24,183.3000030517578,184.0,179.6999969482422,180.25,180.25,7470
2022-10-25,182.5,182.5,177.9499969482422,179.60000610351562,179.60000610351562,12136
2022-10-27,181.0,182.0,178.5500030517578,180.0,180.0,8552
2022-10-28,180.89999389648438,180.9499969482422,178.5,179.60000610351562,179.60000610351562,11919
2022-10-31,181.39999389648438,181.39999389648438,175.9499969482422,177.0500030517578,177.0500030517578,16405
2022-11-01,179.0,179.0,174.0,176.5,176.5,28666
2022-11-02,176.9499969482422,183.89999389648438,176.3000030517578,180.60000610351562,180.60000610351562,30786
2022-11-03,180.64999389648438,181.9499969482422,176.9499969482422,178.1999969482422,178.1999969482422,11642
2022-11-04,179.39999389648438,184.39999389648438,179.39999389648438,180.1999969482422,180.1999969482422,37797
2022-11-07,181.0,183.6999969482422,179.5,180.0,180.0,42185
2022-11-09,183.0,183.0,174.0,178.6999969482422,178.6999969482422,28614
2022-11-10,177.0,177.6999969482422,174.5,175.1999969482422,175.1999969482422,30368
2022-11-11,179.0,179.0,175.10000610351562,178.0,178.0,17956
2022-11-14,177.5,178.64999389648438,175.60000610351562,176.0500030517578,176.0500030517578,19087
2022-11-15,176.35000610351562,176.9499969482422,174.5500030517578,176.5,176.5,7462
2022-11-16,176.10000610351562,176.89999389648438,172.0500030517578,172.89999389648438,172.89999389648438,28573
2022-11-17,174.8000030517578,183.35000610351562,173.0,181.39999389648438,181.39999389648438,94095
2022-11-18,182.89999389648438,182.89999389648438,175.10000610351562,175.6999969482422,175.6999969482422,38851
2022-11-21,180.25,194.5,180.25,187.9499969482422,187.9499969482422,217987
2022-11-22,188.0,195.0,185.85000610351562,192.1999969482422,192.1999969482422,95597
2022-11-23,193.89999389648438,195.8000030517578,190.0,192.39999389648438,192.39999389648438,72078
2022-11-24,194.8000030517578,195.0,186.0,186.5,186.5,30219
2022-11-25,192.0,202.0,191.89999389648438,195.64999389648438,195.64999389648438,298908
2022-11-28,195.64999389648438,204.6999969482422,193.5,200.5500030517578,200.5500030517578,84046
2022-11-29,201.9499969482422,236.6999969482422,201.9499969482422,216.9499969482422,216.9499969482422,1549560
2022-11-30,220.1999969482422,228.1999969482422,217.10000610351562,219.8000030517578,219.8000030517578,344210
2022-12-01,222.0,223.10000610351562,213.9499969482422,215.6999969482422,215.6999969482422,101500
2022-12-02,215.9499969482422,223.5,215.9499969482422,217.75,217.75,85181
2022-12-05,219.89999389648438,222.8000030517578,217.0,218.14999389648438,218.14999389648438,41598
2022-12-06,214.0,219.0,210.0500030517578,210.9499969482422,210.9499969482422,47786
2022-12-07,210.9499969482422,213.75,207.5500030517578,210.3000030517578,210.3000030517578,49649
2022-12-08,213.9499969482422,213.9499969482422,205.0,208.4499969482422,208.4499969482422,32254
2022-12-09,210.4499969482422,210.5,204.0500030517578,204.9499969482422,204.9499969482422,24034
2022-12-12,204.9499969482422,208.5,202.5,206.60000610351562,206.60000610351562,20154
2022-12-13,209.0,209.6999969482422,207.0500030517578,207.8000030517578,207.8000030517578,24187
2022-12-14,211.0,232.89999389648438,211.0,223.3000030517578,223.3000030517578,413420
2022-12-15,223.9499969482422,225.5,219.1999969482422,220.5,220.5,74130
2022-12-16,220.5,220.5,208.10000610351562,211.0,211.0,68878
2022-12-19,216.0,231.4499969482422,216.0,224.5500030517578,224.5500030517578,157579
2022-12-20,224.5500030517578,227.0500030517578,218.60000610351562,220.5500030517578,220.5500030517578,36741
2022-12-21,222.10000610351562,223.39999389648438,208.0500030517578,210.10000610351562,210.10000610351562,64061
2022-12-22,214.0,216.0500030517578,195.1999969482422,198.1999969482422,198.1999969482422,81167
2022-12-23,198.1999969482422,199.75,183.0,184.9499969482422,184.9499969482422,51822
2022-12-26,187.6999969482422,199.64999389648438,184.25,192.60000610351562,192.60000610351562,82532
2022-12-27,196.0,216.0,194.4499969482422,212.60000610351562,212.60000610351562,194392
2022-12-28,215.0,225.0,212.0,218.3000030517578,218.3000030517578,266894
2022-12-29,216.25,230.0500030517578,214.75,222.14999389648438,222.14999389648438,251570
2022-12-30,224.0,230.0,220.5,228.1999969482422,228.1999969482422,130099
2023-01-02,228.0,233.89999389648438,222.0,224.35000610351562,224.35000610351562,210350
2023-01-03,226.25,233.39999389648438,223.0,227.9499969482422,227.9499969482422,351247
2023-01-04,228.89999389648438,228.89999389648438,215.0,217.5,217.5,104402
2023-01-05,221.39999389648438,223.4499969482422,216.0,219.3000030517578,219.3000030517578,60561
2023-01-06,221.6999969482422,223.4499969482422,212.5,213.9499969482422,213.9499969482422,55888
2023-01-09,217.9499969482422,222.0500030517578,214.1999969482422,215.85000610351562,215.85000610351562,60414
2023-01-10,218.0,219.64999389648438,215.35000610351562,217.0,217.0,24618
2023-01-11,217.35000610351562,217.89999389648438,214.10000610351562,215.0500030517578,215.0500030517578,31545
2023-01-12,215.3000030517578,216.64999389648438,210.39999389648438,211.4499969482422,211.4499969482422,22211
2023-01-13,214.8000030517578,223.89999389648438,212.35000610351562,221.60000610351562,221.60000610351562,323672
2023-01-16,224.89999389648438,225.0,216.60000610351562,218.25,218.25,62931
2023-01-17,218.5,219.8000030517578,213.9499969482422,214.4499969482422,214.4499969482422,42037
2023-01-18,219.6999969482422,219.6999969482422,214.60000610351562,215.5,215.5,38694
2023-01-19,215.5,220.0,211.0,213.39999389648438,213.39999389648438,180370
2023-01-20,215.5,217.0500030517578,211.60000610351562,214.5500030517578,214.5500030517578,41771
2023-01-23,216.89999389648438,216.89999389648438,206.14999389648438,210.89999389648438,210.89999389648438,38083
2023-01-24,210.89999389648438,216.0,206.60000610351562,208.14999389648438,208.14999389648438,32178
2023-01-25,208.9499969482422,223.39999389648438,206.1999969482422,219.64999389648438,219.64999389648438,368736
2023-01-27,217.5500030517578,221.0,201.8000030517578,209.6999969482422,209.6999969482422,128766
2023-01-30,210.89999389648438,212.6999969482422,198.89999389648438,202.60000610351562,202.60000610351562,85853
2023-01-31,205.0,212.39999389648438,201.8000030517578,211.1999969482422,211.1999969482422,74109
2023-02-01,214.35000610351562,217.0500030517578,198.6999969482422,203.4499969482422,203.4499969482422,101659
2023-02-02,203.25,207.3000030517578,202.0,204.3000030517578,204.3000030517578,40371
2023-02-03,205.0500030517578,207.39999389648438,200.1999969482422,201.25,201.25,47544
2023-02-06,203.25,205.5,201.0,201.9499969482422,201.9499969482422,36699
2023-02-07,203.0500030517578,203.6999969482422,195.60000610351562,196.8000030517578,196.8000030517578,35079
2023-02-08,197.5,203.0,195.5500030517578,201.25,201.25,40042
2023-02-09,201.35000610351562,203.89999389648438,194.0,201.0,201.0,55852
2023-02-10,201.0500030517578,204.85000610351562,200.14999389648438,203.39999389648438,203.39999389648438,33545
2023-02-13,205.9499969482422,205.9499969482422,197.1999969482422,197.85000610351562,197.85000610351562,27191
2023-02-14,198.14999389648438,202.5,195.39999389648438,200.35000610351562,200.35000610351562,54394
2023-02-15,201.14999389648438,201.1999969482422,197.0,198.4499969482422,198.4499969482422,16998
2023-02-16,201.0,201.0,198.0500030517578,198.8000030517578,198.8000030517578,12573
2023-02-17,198.0500030517578,200.60000610351562,196.5500030517578,198.14999389648438,198.14999389648438,16388
2023-02-20,202.0,207.9499969482422,199.75,201.89999389648438,201.89999389648438,63427
2023-02-21,204.85000610351562,214.89999389648438,201.1999969482422,206.25,206.25,101312
2023-02-22,206.0,206.0,198.0,199.3000030517578,199.3000030517578,24140
2023-02-23,201.25,202.39999389648438,198.10000610351562,199.64999389648438,199.64999389648438,18472
2023-02-24,200.10000610351562,201.14999389648438,195.0,196.14999389648438,196.14999389648438,22436
2023-02-27,197.89999389648438,197.89999389648438,188.5,189.0,189.0,43393
2023-02-28,190.89999389648438,190.89999389648438,186.6999969482422,187.5500030517578,187.5500030517578,20212
2023-03-01,188.0500030517578,202.75,188.0500030517578,195.3000030517578,195.3000030517578,106586
2023-03-02,195.85000610351562,198.5500030517578,194.5,195.4499969482422,195.4499969482422,10402
2023-03-03,197.39999389648438,197.6999969482422,193.3000030517578,194.25,194.25,20765
2023-03-06,196.5500030517578,200.9499969482422,194.4499969482422,197.10000610351562,197.10000610351562,25800
2023-03-08,195.64999389648438,197.64999389648438,187.0,192.39999389648438,192.39999389648438,50491
2023-03-09,195.0,197.39999389648438,188.64999389648438,190.8000030517578,190.8000030517578,33348
2023-03-10,190.4499969482422,193.25,189.89999389648438,191.0,191.0,21285
2023-03-13,191.1999969482422,192.64999389648438,187.5,188.1999969482422,188.1999969482422,20027
2023-03-14,189.0,190.75,181.85000610351562,182.4499969482422,182.4499969482422,46417
2023-03-15,183.60000610351562,187.60000610351562,177.8000030517578,182.3000030517578,182.3000030517578,45525
2023-03-16,183.5,183.5,178.0,179.0,179.0,33913
2023-03-17,180.9499969482422,183.89999389648438,178.5,179.35000610351562,179.35000610351562,25458
2023-03-20,179.89999389648438,180.64999389648438,175.5500030517578,176.8000030517578,176.8000030517578,34249
2023-03-21,177.85000610351562,181.5,177.39999389648438,178.25,178.25,20220
2023-03-22,180.8000030517578,181.1999969482422,178.8000030517578,179.6999969482422,179.6999969482422,9964
2023-03-23,180.0,180.8000030517578,178.3000030517578,178.75,178.75,7356
2023-03-24,178.8000030517578,179.85000610351562,175.0500030517578,175.4499969482422,175.4499969482422,27917
2023-03-27,174.10000610351562,176.1999969482422,166.89999389648438,168.39999389648438,168.39999389648438,33245
2023-03-28,168.39999389648438,174.64999389648438,166.0,167.10000610351562,167.10000610351562,44956
2023-03-29,167.5,173.10000610351562,166.0,169.9499969482422,169.9499969482422,46466
2023-03-31,173.0,176.0,167.0,168.5500030517578,168.5500030517578,48556
2023-04-03,171.0,172.8000030517578,169.89999389648438,171.60000610351562,171.60000610351562,14086
2023-04-05,174.0,176.0,171.89999389648438,173.60000610351562,173.60000610351562,26378
2023-04-06,173.60000610351562,177.4499969482422,172.5500030517578,175.6999969482422,175.6999969482422,22742
2023-04-10,177.89999389648438,179.0,175.5,175.85000610351562,175.85000610351562,19219
2023-04-11,175.9499969482422,181.14999389648438,175.25,177.6999969482422,177.6999969482422,30538
2023-04-12,178.0,182.0,178.0,179.25,179.25,20090
2023-04-13,180.60000610351562,181.60000610351562,179.5500030517578,180.14999389648438,180.14999389648438,12765
2023-04-17,185.9499969482422,216.14999389648438,183.0,206.0,206.0,1434325
2023-04-18,205.1999969482422,210.85000610351562,202.10000610351562,205.25,205.25,166145
2023-04-19,204.1999969482422,208.0500030517578,202.0,202.89999389648438,202.89999389648438,41957
2023-04-20,203.25,203.3000030517578,195.85000610351562,196.4499969482422,196.4499969482422,41770
2023-04-21,199.5,199.5,189.35000610351562,192.75,192.75,47877
